0.0  0.0
0.27878787878787875  0.0
0.4878787878787874  0.08961038961038963
0.5974025974025967  0.2887445887445887
0.6372294372294365  0.36839826839826817
0.0  0.0
0.36839826839826817  0.0
0.5077922077922074  0.07965367965367967
0.5874458874458868  0.2190476190476191
0.6471861471861464  0.38831168831168805
0.6770562770562762  0.38831168831168805
0.6870129870129862  0.4380952380952377
0.696969696969696  0.547619047619047
0.696969696969696  0.6173160173160166
0.696969696969696  0.6372294372294365
0.0  0.0
0.31861471861471846  0.0
0.49783549783549735  0.07965367965367967
0.5874458874458868  0.20909090909090913
0.6571428571428564  0.35844155844155823
0.6770562770562762  0.4082251082251079
0.6770562770562762  0.557575757575757
0.6870129870129862  0.6404806078275461
0.6870129870129862  0.6670995670995663
0.696969696969696  0.6670995670995663
