-1.0  -1.0
-0.5595891513338179  -1.0
-0.3727481852330135  -0.799813250606281
-0.22594456901095264  -0.7197385508487932
-0.13252408596055007  -0.6129722845054764
-0.1191783026676354  -0.37274818523301345
-0.10583251937472071  -0.31936505206135496
-0.06579516949597687  -0.3060192687684403
-0.06579516949597687  -0.22594456901095247
-0.06579516949597687  -0.1191783026676354
-1.0  -1.0
-0.4795144515763304  -1.0
-0.1725614358392941  -0.7197385508487933
-0.13252408596055018  -0.680232670449481
-0.1191783026676354  -0.6043506726895627
-0.07914095278889148  -0.39943975181884284
-0.07914095278889148  -0.2659819188896966
-0.06579516949597687  -0.1725614358392942
-0.06579516949597687  -0.1458698692534648
-0.06579516949597687  -0.1191783026676354
