0.0  0.0
0.27599999999999997  0.0
0.48300000000000026  0.0887142857142857
0.5914285714285713  0.2858571428571428
0.6308571428571426  0.3647142857142858
0.0  0.0
0.3647142857142858  0.0
0.5027142857142859  0.07885714285714285
0.5815714285714285  0.21685714285714275
0.6407142857142855  0.38442857142857156
0.6702857142857139  0.38442857142857156
0.6801428571428567  0.43371428571428594
0.6899999999999995  0.5421428571428571
0.6899999999999995  0.611142857142857
0.6899999999999995  0.6308571428571426
0.0  0.0
0.31542857142857145  0.0
0.49285714285714305  0.07885714285714285
0.5815714285714285  0.2069999999999999
0.6505714285714282  0.354857142857143
0.6702857142857139  0.40414285714285736
0.6702857142857139  0.552
0.6801428571428567  0.6354285714285713
0.6801428571428567  0.660428571428571
0.6899999999999995  0.660428571428571
