0.0  0.0
0.35844155844155823  0.0
0.4878787878787874  0.0995670995670996
0.5874458874458868  0.0995670995670996
0.6173160173160166  0.3285714285714284
0.6770562770562762  0.4082251082251079
0.6870129870129862  0.4380952380952377
0.6870129870129862  0.5774891774891768
0.696969696969696  0.6571428571428564
0.696969696969696  0.6770562770562762
0.0  0.0
0.3484848484848483  0.0
0.5277056277056271  0.13939393939393943
0.5974025974025967  0.2688311688311688
0.6670995670995663  0.2688311688311688
0.6770562770562762  0.2688311688311688
0.6770562770562762  0.3783549783549781
0.6770562770562762  0.4878787878787874
0.6870129870129862  0.5774891774891768
0.696969696969696  0.6073593073593067
