0.0  0.0
0.5142857142857142  0.0
0.7  0.14285714285714285
0.8428571428571429  0.14285714285714285
0.8857142857142857  0.4714285714285714
0.9714285714285714  0.5857142857142857
0.9857142857142858  0.6285714285714286
0.9857142857142858  0.8285714285714286
1.0  0.9428571428571428
1.0  0.9714285714285714
0.0  0.0
0.5  0.0
0.7571428571428571  0.2
0.8571428571428571  0.38571428571428573
0.9571428571428572  0.38571428571428573
0.9714285714285714  0.38571428571428573
0.9714285714285714  0.5428571428571428
0.9714285714285714  0.7
0.9857142857142858  0.8285714285714286
1.0  0.8714285714285714
