-1.0  -1.0
-0.5328975847479888  -1.0
-0.27932770218261116  -0.799813250606281
-0.1592156525463794  -0.6930469842629641
-0.10583251937472071  -0.5328975847479889
-0.0924867360818061  -0.34605661864718423
-0.06579516949597687  -0.31936505206135496
-0.06579516949597687  -0.18590721913220878
-0.06579516949597687  -0.1191783026676354
-0.06579516949597687  -0.09248673608180609
-1.0  -1.0
-0.6263180677983909  -1.0
-0.2526361355967818  -0.9866542167070853
-0.15921565254637926  -0.6797012009700495
-0.10583251937472071  -0.5062060181621595
-0.09248673608180609  -0.5062060181621595
-0.07914095278889148  -0.3460566186471842
-0.07914095278889148  -0.19925300242512323
-0.06579516949597687  -0.11917830266763535
-0.06579516949597687  -0.09248673608180609
