0.0  0.0
0.5285714285714286  0.0
0.7285714285714285  0.2
0.8571428571428571  0.4142857142857143
0.9285714285714286  0.4142857142857143
0.9571428571428572  0.5714285714285714
0.9714285714285714  0.7714285714285715
0.9714285714285714  0.8857142857142857
0.9714285714285714  0.9285714285714286
0.9857142857142858  0.9428571428571428
0.0  0.0
0.45714285714285713  0.0
0.8142857142857143  0.15714285714285714
0.9285714285714286  0.18571428571428572
0.9571428571428572  0.4857142857142857
1.0  0.7142857142857143
1.0  0.7285714285714285
1.0  0.7571428571428571
1.0  0.8142857142857143
1.0  0.9142857142857143
