0.0  0.0
0.3450000000000001  0.0
0.5027142857142859  0.069
0.6012857142857141  0.2267142857142856
0.6899999999999995  0.3647142857142858
0.6899999999999995  0.3745714285714287
0.6899999999999995  0.4731428571428574
0.6899999999999995  0.5914285714285713
0.6899999999999995  0.6407142857142855
0.6899999999999995  0.6702857142857139
0.0  0.0
0.38442857142857156  0.0
0.49285714285714305  0.1675714285714285
0.6308571428571426  0.32528571428571434
0.6702857142857139  0.4632857142857146
0.6801428571428567  0.4731428571428574
0.6801428571428567  0.552
0.6899999999999995  0.611142857142857
0.6899999999999995  0.6308571428571426
0.6899999999999995  0.660428571428571
