0.0  0.0
0.2858571428571428  0.0
0.45342857142857174  0.13799999999999996
0.5421428571428571  0.1478571428571428
0.6209999999999998  0.2267142857142856
0.6702857142857139  0.43371428571428594
0.6801428571428567  0.5914285714285713
0.6899999999999995  0.5914285714285713
0.6899999999999995  0.5914285714285713
0.6899999999999995  0.6407142857142855
0.0  0.0
0.3450000000000001  0.0
0.5322857142857144  0.15771428571428564
0.6209999999999998  0.15771428571428564
0.6407142857142855  0.2069999999999999
0.6407142857142855  0.38442857142857156
0.6801428571428567  0.49285714285714305
0.6801428571428567  0.5815714285714285
0.6801428571428567  0.6012857142857141
0.6801428571428567  0.6209999999999998
