-1.0  -1.0
-0.6396638510913057  -1.0
-0.4127855351117573  -0.7864674673133664
-0.25263613559678194  -0.5996265012125618
-0.13252408596055001  -0.39943975181884267
-0.10583251937472071  -0.3193650520613549
-0.07914095278889148  -0.1859072191322086
-0.06579516949597687  -0.15921565254637932
-0.06579516949597687  -0.1191783026676354
-0.06579516949597687  -0.0924867360818061
-1.0  -1.0
-0.7063927675558788  -1.0
-0.3994397518188427  -0.8798879503637685
-0.22594456901095272  -0.7731216840204518
-0.19925300242512334  -0.6663554176771349
-0.13252408596055001  -0.5996265012125619
-0.07914095278889148  -0.5328975847479888
-0.07914095278889148  -0.22594456901095258
-0.06579516949597687  -0.172561435839294
-0.06579516949597687  -0.10583251937472071
