0.0  0.0
0.007142857142857144  0.0
0.011020408163265294  0.003061224489795919
0.012857142857142838  0.004693877551020409
0.01367346938775508  0.007142857142857144
0.01387755102040814  0.009999999999999992
0.014285714285714263  0.010408163265306112
0.014285714285714263  0.012448979591836717
0.014285714285714263  0.01346938775510202
0.014285714285714263  0.01387755102040814
0.0  0.0
0.005714285714285715  0.0
0.011428571428571415  2.040816326530612E-4
0.012857142857142838  0.00489795918367347
0.01367346938775508  0.007551020408163266
0.01387755102040814  0.007551020408163266
0.0140816326530612  0.009999999999999992
0.0140816326530612  0.012244897959183657
0.014285714285714263  0.01346938775510202
0.014285714285714263  0.01387755102040814
