0.0  0.0
0.38831168831168805  0.0
0.5077922077922074  0.2190476190476191
0.5974025974025967  0.3285714285714284
0.6272727272727265  0.3285714285714284
0.6571428571428564  0.45800865800865764
0.6770562770562762  0.5495494301616745
0.6770562770562762  0.6073593073593067
0.696969696969696  0.6372294372294365
0.696969696969696  0.6471861471861464
0.0  0.0
0.3783549783549781  0.0
0.5077922077922074  0.1991341991341992
0.557575757575757  0.3285714285714284
0.6372294372294365  0.3286730276526193
0.6870129870129862  0.4082251082251079
0.6870129870129862  0.49783549783549735
0.696969696969696  0.557575757575757
0.696969696969696  0.6272727272727265
0.696969696969696  0.6471861471861464
