0.0  0.0
0.43161453930684673  0.0
0.5249366018596784  0.16331360946745557
0.664919695688926  0.29163144547759917
0.7232459847844458  0.3966187658495348
0.7932375316990695  0.5832628909551982
0.8049027895181735  0.6999154691462378
0.8049027895181735  0.7582417582417577
0.8165680473372775  0.7699070160608616
0.8165680473372775  0.7932375316990695
0.0  0.0
0.34995773457311896  0.0
0.5715976331360942  0.12831783601014368
0.6765849535080299  0.16331360946745557
0.7349112426035498  0.32662721893491103
0.7699070160608616  0.4782755705832626
0.7932375316990695  0.6532544378698221
0.8049027895181735  0.7349112426035498
0.8165680473372775  0.7815722738799656
0.8110332890552675  0.7815722738799656
