0.0  0.0
0.5  0.0
0.7285714285714285  0.1
0.8714285714285714  0.32857142857142857
1.0  0.5285714285714286
1.0  0.5428571428571428
1.0  0.6857142857142857
1.0  0.8571428571428571
1.0  0.9285714285714286
1.0  0.9714285714285714
0.0  0.0
0.5571428571428572  0.0
0.7142857142857143  0.24285714285714285
0.9142857142857143  0.4714285714285714
0.9714285714285714  0.6714285714285714
0.9857142857142858  0.6857142857142857
0.9857142857142858  0.8
1.0  0.8857142857142857
1.0  0.9142857142857143
1.0  0.9571428571428572
