0.0  0.0
0.3647142857142858  0.0
0.44357142857142884  0.13799999999999996
0.5618571428571428  0.24642857142857133
0.611142857142857  0.3351428571428572
0.6702857142857139  0.49285714285714305
0.6801428571428567  0.5914285714285713
0.6801428571428567  0.6407142857142855
0.6899999999999995  0.6505714285714282
0.6899999999999995  0.6702857142857139
0.0  0.0
0.2957142857142857  0.0
0.48300000000000026  0.1084285714285714
0.5717142857142856  0.13799999999999996
0.6209999999999998  0.27599999999999997
0.6505714285714282  0.40414285714285736
0.6702857142857139  0.552
0.6801428571428567  0.6209999999999998
0.6899999999999995  0.660428571428571
0.6821428571428568  0.660428571428571
