0.0  0.0
0.43161453930684673  0.0
0.6182586644125101  0.19830938292476746
0.6882502113271339  0.20997464074387143
0.7465765004226537  0.26830092983939124
0.7699070160608616  0.5366018596787824
0.8049027895181735  0.6415891800507181
0.8165680473372775  0.6999154691462378
0.8165680473372775  0.7582417582417577
0.8165680473372775  0.7932375316990695
0.0  0.0
0.3966187658495348  0.0
0.6415891800507181  0.2216398985629754
0.7232459847844458  0.3966187658495348
0.7699070160608616  0.44327979712595067
0.7932375316990695  0.5715976331360942
0.7932375316990695  0.6882502113271339
0.8049027895181735  0.7349112426035498
0.8165680473372775  0.7932375316990695
0.8165680473372775  0.8165680473372775
