0.0  0.0
0.36839826839826817  0.0
0.5077922077922074  0.13939393939393943
0.5974025974025967  0.2887445887445887
0.6471861471861464  0.2887445887445887
0.6670995670995663  0.39826839826839794
0.6770562770562762  0.5376623376623371
0.6770562770562762  0.6173160173160166
0.6770562770562762  0.6471861471861464
0.6870129870129862  0.6571428571428564
0.0  0.0
0.31861471861471846  0.0
0.5675324675324669  0.10952380952380955
0.6471861471861464  0.12943722943722946
0.6670995670995663  0.33852813852813834
0.696969696969696  0.49783549783549735
0.696969696969696  0.5077922077922074
0.696969696969696  0.5277056277056271
0.696969696969696  0.5675324675324669
0.696969696969696  0.6372294372294365
