0.0  0.0
0.3086580086580086  0.0
0.49783549783549735  0.04978354978354979
0.6173160173160166  0.2190476190476191
0.6471861471861464  0.24891774891774893
0.6670995670995663  0.4181818181818178
0.6870129870129862  0.47792207792207747
0.696969696969696  0.5376623376623371
0.696969696969696  0.6073593073593067
0.696969696969696  0.6670995670995663
0.0  0.0
0.3086580086580086  0.0
0.47792207792207747  0.0995670995670996
0.6073593073593067  0.22900432900432907
0.6670995670995663  0.3086580086580086
0.6770562770562762  0.4878787878787874
0.6870129870129862  0.5874458874458868
0.6870129870129862  0.6471861471861464
0.6870129870129862  0.6870129870129862
0.696969696969696  0.6870129870129862
