0.0  0.0
0.4714285714285714  0.0
0.6714285714285714  0.21428571428571427
0.8285714285714286  0.3
0.9285714285714286  0.4142857142857143
0.9428571428571428  0.6714285714285714
0.9571428571428572  0.7285714285714285
1.0  0.7428571428571429
1.0  0.8285714285714286
1.0  0.9428571428571428
0.0  0.0
0.5571428571428572  0.0
0.8857142857142857  0.3
0.9285714285714286  0.3252380952380952
0.9428571428571428  0.3942857142857143
0.9857142857142858  0.6428571428571429
0.9857142857142858  0.7857142857142857
1.0  0.8857142857142857
1.0  0.9142857142857143
1.0  0.9428571428571428
