0.0  0.0
0.4142857142857143  0.0
0.6714285714285714  0.15714285714285714
0.8571428571428571  0.37142857142857144
0.8714285714285714  0.37142857142857144
0.8857142857142857  0.37142857142857144
0.9252380952380956  0.37142857142857144
0.940476190476191  0.6285714285714286
0.9390476190476195  0.7714285714285715
0.9528571428571433  0.9
0.0  0.0
0.5428571428571428  0.0
0.7  0.21428571428571427
0.8428571428571429  0.3142857142857143
0.8714285714285714  0.4
0.9428571428571428  0.5428571428571428
0.9428571428571428  0.5428571428571428
0.9714285714285714  0.6
0.9714285714285714  0.7571428571428571
0.9714285714285714  0.9285714285714286
