0.0  0.0
0.4082840236686388  0.0
0.5949281487743022  0.08165680473372781
0.7115807269653418  0.26830092983939124
0.8165680473372775  0.43161453930684673
0.8165680473372775  0.44327979712595067
0.8165680473372775  0.5599323753169904
0.8165680473372775  0.6999154691462378
0.8165680473372775  0.7582417582417577
0.8165680473372775  0.7932375316990695
0.0  0.0
0.45494505494505466  0.0
0.5832628909551982  0.19830938292476746
0.7465765004226537  0.3849535080304309
0.7932375316990695  0.5482671174978864
0.8049027895181735  0.5599323753169904
0.8049027895181735  0.6532544378698221
0.8165680473372775  0.7232459847844458
0.8165680473372775  0.7465765004226537
0.8165680473372775  0.7815722738799656
