0.0  0.0
0.31861471861471846  0.0
0.47792207792207747  0.06969696969696972
0.5376623376623371  0.22900432900432907
0.6173160173160166  0.2887445887445887
0.6571428571428564  0.39826839826839794
0.6770562770562762  0.45800865800865764
0.6870129870129862  0.45800865800865764
0.6870129870129862  0.547619047619047
0.696969696969696  0.6173160173160166
0.0  0.0
0.3285714285714284  0.0
0.5277056277056271  0.1194805194805195
0.5874458874458868  0.24891774891774893
0.6272727272727265  0.39826839826839794
0.6670995670995663  0.4082251082251079
0.6770562770562762  0.4181818181818178
0.696969696969696  0.5774891774891768
0.696969696969696  0.6272727272727265
0.696969696969696  0.6870129870129862
