0.25  0.25
0.30786696758180915  0.3333333333333333
0.3635056901093682  0.3851851844307269
0.3965830694578258  0.41667999843129166
0.41149699572857007  0.4393330163743297
0.42296399895678094  0.4615476932964743
0.4346218699735762  0.4798526952458153
0.4427249289084436  0.49493546969398566
0.4471527215684908  0.5050047284971041
0.44878775640348373  0.5144082170698792
0.25  0.25
0.33182827530660847  0.3333333333333333
0.37886508572961647  0.38977832410395763
0.4038272609346717  0.4229138519475932
0.41261749052610647  0.4454070557733203
0.4203895664465281  0.4647066857103096
0.4273544873224412  0.47974637796813696
0.43008536648086915  0.4921741518715165
0.43113153807870813  0.5010987217785723
0.429862655015634  0.5077657388976492
