0.0  0.0
0.006734693877551022  0.0
0.009591836734693871  0.003061224489795919
0.011836734693877535  0.004285714285714286
0.01326530612244896  0.005918367346938777
0.01346938775510202  0.009591836734693871
0.01367346938775508  0.010408163265306112
0.014285714285714263  0.010612244897959172
0.014285714285714263  0.011836734693877535
0.014285714285714263  0.01346938775510202
0.0  0.0
0.007959183673469386  0.0
0.012653061224489778  0.004285714285714286
0.01326530612244896  0.004693877551020409
0.01346938775510202  0.005714285714285715
0.0140816326530612  0.009183673469387749
0.0140816326530612  0.011224489795918354
0.014285714285714263  0.012653061224489778
0.014285714285714263  0.0130612244897959
0.014285714285714263  0.01346938775510202
