0.25  0.25
0.3256259840161252  0.3333333333333333
0.36208903336317244  0.3846377097679709
0.3879389026868985  0.42017159571982476
0.4010777448650703  0.44709989231329766
0.4116447311243394  0.46729490061105655
0.4176806253072683  0.48388456194146606
0.4200961119930122  0.49676911635850934
0.4209287586149267  0.5083946559083399
0.4193135835387747  0.5183846658147007
0.25  0.25
0.3267376167247407  0.3333333333333333
0.36995143739408143  0.38073755761209416
0.3950650612580916  0.41345916514020953
0.41660891783698756  0.4439419178165603
0.4327033677540105  0.4630339587315042
0.4412566869542962  0.47827267833833115
0.44684903908878226  0.48882456954489717
0.4499769048874384  0.49708125270150993
0.4518109815636132  0.503204509612419
