0.0  0.0
0.007551020408163266  0.0
0.010408163265306112  0.0028571428571428576
0.012244897959183657  0.005918367346938777
0.01326530612244896  0.005918367346938777
0.01367346938775508  0.008163265306122446
0.01387755102040814  0.011020408163265294
0.01387755102040814  0.012653061224489778
0.01387755102040814  0.01326530612244896
0.0140816326530612  0.01346938775510202
0.0  0.0
0.00653061224489796  0.0
0.011632653061224475  0.002244897959183674
0.01326530612244896  0.0026530612244897965
0.01367346938775508  0.006938775510204083
0.014285714285714263  0.010204081632653052
0.014285714285714263  0.010408163265306112
0.014285714285714263  0.010816326530612234
0.014285714285714263  0.011632653061224475
0.014285714285714263  0.0130612244897959
