-1.0  -1.0
-0.5328975847479887  -1.0
-0.31936505206135485  -0.9065795169495978
-0.18590721913220862  -0.6930469842629641
-0.06579516949597687  -0.5062060181621595
-0.06579516949597687  -0.49286023486924485
-0.06579516949597687  -0.35940240194009865
-0.06579516949597687  -0.19925300242512323
-0.06579516949597687  -0.1325240859605501
-0.06579516949597687  -0.0924867360818061
-1.0  -1.0
-0.4795144515763304  -1.0
-0.33271083535426954  -0.7731216840204518
-0.1458698692534646  -0.5595891513338179
-0.0924867360818061  -0.3727481852330134
-0.07914095278889148  -0.35940240194009876
-0.07914095278889148  -0.25263613559678194
-0.06579516949597687  -0.17256143583929406
-0.06579516949597687  -0.1458698692534648
-0.06579516949597687  -0.10583251937472071
