-1.0  -1.0
-0.5062060181621595  -1.0
-0.3994397518188426  -0.8131590338991955
-0.23929035230386728  -0.6663554176771348
-0.17256143583929412  -0.5462433680409033
-0.09248673608180609  -0.3327108353542696
-0.07914095278889148  -0.19925300242512342
-0.07914095278889148  -0.13252408596055001
-0.06579516949597687  -0.1191783026676354
-0.06579516949597687  -0.09248673608180609
-1.0  -1.0
-0.5996265012125618  -1.0
-0.34605661864718423  -0.8531963837779394
-0.22594456901095242  -0.8131590338991955
-0.15921565254637934  -0.6263180677983909
-0.1191783026676354  -0.45282288499050116
-0.0924867360818061  -0.2526361355967818
-0.07914095278889148  -0.15921565254637934
-0.06579516949597687  -0.10583251937472071
-0.08758049935921686  -0.10583251937472071
