-1.0  -1.0
-0.5062060181621596  -1.0
-0.3193650520613549  -0.8131590338991955
-0.19925300242512348  -0.6129722845054764
-0.13252408596055018  -0.6129722845054764
-0.10583251937472071  -0.46616866828341563
-0.0924867360818061  -0.2793277021826112
-0.0924867360818061  -0.1725614358392942
-0.0924867360818061  -0.13252408596055013
-0.07914095278889148  -0.1191783026676354
-1.0  -1.0
-0.5729349346267327  -1.0
-0.2392903523038674  -0.8531963837779394
-0.13252408596055018  -0.8265048171921101
-0.10583251937472071  -0.5462433680409032
-0.06579516949597687  -0.33271083535426954
-0.06579516949597687  -0.31936505206135485
-0.06579516949597687  -0.29267348547552563
-0.06579516949597687  -0.23929035230386714
-0.06579516949597687  -0.14586986925346476
