0.0  0.0
0.007551020408163266  0.0
0.009183673469387749  0.0028571428571428576
0.011632653061224475  0.005102040816326532
0.012653061224489778  0.006938775510204083
0.01387755102040814  0.010204081632653052
0.0140816326530612  0.012244897959183657
0.0140816326530612  0.01326530612244896
0.014285714285714263  0.01346938775510202
0.014285714285714263  0.01387755102040814
0.0  0.0
0.006122448979591838  0.0
0.009999999999999992  0.002244897959183674
0.011836734693877535  0.0028571428571428576
0.012857142857142838  0.005714285714285715
0.01346938775510202  0.008367346938775508
0.01387755102040814  0.011428571428571415
0.0140816326530612  0.012857142857142838
0.014285714285714263  0.01367346938775508
0.025510204081632615  0.01367346938775508
