0.0  0.0
0.26614285714285707  0.0
0.49285714285714305  0.11828571428571426
0.552  0.27599999999999997
0.6012857142857141  0.354857142857143
0.6505714285714282  0.48300000000000026
0.6702857142857139  0.5914285714285713
0.6702857142857139  0.6308571428571426
0.6801428571428567  0.6505714285714282
0.6899999999999995  0.6702857142857139
0.0  0.0
0.2858571428571428  0.0
0.4731428571428574  0.07885714285714285
0.5717142857142856  0.15771428571428564
0.6407142857142855  0.3055714285714286
0.6801428571428567  0.3055714285714286
0.6772857142857144  0.3055714285714286
0.6711428571428579  0.3351428571428572
0.670142857142857  0.4140000000000002
0.6801428571428569  0.5027142857142859
