-1.0  -1.0
-0.5729349346267326  -1.0
-0.35940240194009876  -0.9065795169495978
-0.27932770218261116  -0.693046984262964
-0.17256143583929406  -0.6129722845054764
-0.1191783026676354  -0.46616866828341563
-0.0924867360818061  -0.3860939685259281
-0.07914095278889148  -0.3860939685259281
-0.07914095278889148  -0.2659819188896965
-0.06579516949597687  -0.1725614358392942
-1.0  -1.0
-0.5595891513338179  -1.0
-0.2926734854755258  -0.8398506004850248
-0.21259878571803809  -0.6663554176771349
-0.15921565254637968  -0.46616866828341574
-0.10583251937472071  -0.4528228849905012
-0.0924867360818061  -0.4394771016975866
-0.06579516949597687  -0.22594456901095272
-0.06579516949597687  -0.1592156525463794
-0.06579516949597687  -0.07914095278889148
