0.25  0.25
0.31829822430715937  0.3333333333333333
0.35796159245776626  0.40031792594420396
0.3899133367474569  0.4427601948184035
0.4048977794420918  0.4696773938367786
0.4129685448563387  0.4938820565304573
0.41629211040564135  0.5137018386749005
0.41750260187547333  0.5284719577100463
0.4186211890321283  0.5385847617316825
0.41848693861868386  0.5473375625725689
0.25  0.25
0.3003052334664371  0.3333333333333333
0.33545189496552735  0.39548464142993456
0.3715238221621794  0.44569805696083187
0.39196994046169464  0.4763725056921958
0.40747513619625525  0.4989890050904247
0.41866700389739137  0.5165136916635646
0.4252658384866861  0.5333366931985983
0.4308432398109196  0.5468510941529401
0.4345864997646739  0.55650677002246
