0.0  0.0
0.00653061224489796  0.0
0.009795918367346931  0.0014285714285714286
0.011020408163265294  0.004693877551020409
0.012653061224489778  0.005918367346938777
0.01346938775510202  0.008163265306122446
0.01387755102040814  0.00938775510204081
0.0140816326530612  0.00938775510204081
0.0140816326530612  0.011224489795918354
0.014285714285714263  0.012653061224489778
0.0  0.0
0.006734693877551022  0.0
0.010816326530612234  0.002448979591836735
0.012040816326530597  0.005102040816326532
0.012857142857142838  0.008163265306122446
0.01367346938775508  0.008367346938775508
0.01387755102040814  0.008571428571428568
0.014285714285714263  0.011836734693877535
0.014285714285714263  0.012857142857142838
0.014285714285714263  0.0140816326530612
