0.0  0.0
0.4  0.0
0.7  0.12857142857142856
0.8571428571428571  0.4142857142857143
0.9142857142857143  0.5285714285714286
0.0  0.0
0.5285714285714286  0.0
0.7285714285714285  0.11428571428571428
0.8428571428571429  0.3142857142857143
0.9285714285714286  0.5571428571428572
0.9714285714285714  0.5571428571428572
0.9857142857142858  0.6285714285714286
1.0  0.7857142857142857
1.0  0.8857142857142857
1.0  0.9142857142857143
0.0  0.0
0.45714285714285713  0.0
0.7142857142857143  0.11428571428571428
0.8428571428571429  0.3
0.9428571428571428  0.5142857142857142
0.9714285714285714  0.5857142857142857
0.9714285714285714  0.8
0.9857142857142858  0.8990476190476191
0.9857142857142858  0.9571428571428572
1.0  0.9571428571428572
