-1.0  -1.0
-0.47951445157633027  -1.0
-0.3193650520613549  -0.7063927675558788
-0.19925300242512323  -0.5595891513338179
-0.15921565254637932  -0.5595891513338179
-0.1191783026676354  -0.386093968525928
-0.09248673608180609  -0.23120020996738475
-0.09248673608180609  -0.18590721913220862
-0.06579516949597687  -0.14586986925346462
-0.06579516949597687  -0.13252408596055001
-1.0  -1.0
-0.49286023486924496  -1.0
-0.319365052061355  -0.7330843341417079
-0.2526361355967819  -0.5595891513338179
-0.14586986925346482  -0.5577585350747489
-0.07914095278889148  -0.45282288499050116
-0.07914095278889148  -0.33271083535426943
-0.06579516949597687  -0.2526361355967818
-0.06579516949597687  -0.15921565254637926
-0.06579516949597687  -0.13252408596055001
