0.0  0.0
0.3849535080304309  0.0
0.5482671174978864  0.17497886728655954
0.6765849535080299  0.24497041420118332
0.7582417582417577  0.338292476754015
0.7699070160608616  0.5482671174978864
0.7815722738799656  0.5949281487743022
0.8165680473372775  0.6065934065934062
0.8165680473372775  0.6765849535080299
0.8165680473372775  0.7699070160608616
0.0  0.0
0.45494505494505466  0.0
0.7232459847844458  0.24497041420118332
0.7582417582417577  0.26878698224852066
0.7699070160608616  0.32746045163627563
0.8049027895181735  0.5249366018596784
0.8049027895181735  0.6415891800507181
0.8165680473372775  0.7232459847844458
0.8165680473372775  0.7465765004226537
0.8165680473372775  0.7699070160608616
