0.0  0.0
0.3647142857142858  0.0
0.5027142857142859  0.13799999999999996
0.5914285714285713  0.2858571428571428
0.6407142857142855  0.2858571428571428
0.660428571428571  0.39428571428571446
0.6702857142857139  0.5322857142857144
0.6702857142857139  0.611142857142857
0.6702857142857139  0.6407142857142855
0.6801428571428567  0.6505714285714282
0.0  0.0
0.31542857142857145  0.0
0.5618571428571428  0.1084285714285714
0.6407142857142855  0.12814285714285711
0.660428571428571  0.3351428571428572
0.6899999999999995  0.49285714285714305
0.6899999999999995  0.5027142857142859
0.6899999999999995  0.5224285714285716
0.6899999999999995  0.5618571428571428
0.6899999999999995  0.6308571428571426
