0.0  0.0
0.4142857142857143  0.0
0.6571428571428571  0.2
0.7857142857142857  0.21428571428571427
0.9  0.32857142857142857
0.9714285714285714  0.6285714285714286
0.9857142857142858  0.8571428571428571
1.0  0.8571428571428571
1.0  0.8571428571428571
1.0  0.9285714285714286
0.0  0.0
0.5  0.0
0.7714285714285715  0.22857142857142856
0.9  0.22857142857142856
0.9285714285714286  0.3
0.9285714285714286  0.5571428571428572
0.9857142857142858  0.7142857142857143
0.9857142857142858  0.8428571428571429
0.9857142857142858  0.8714285714285714
0.9857142857142858  0.9
