-1.0  -1.0
-0.6396638510913057  -1.0
-0.33271083535426954  -0.8398506004850248
-0.25263613559678183  -0.626318067798391
-0.18590721913220862  -0.5195518014550742
-0.1191783026676354  -0.34605661864718423
-0.0924867360818061  -0.19925300242512323
-0.0924867360818061  -0.14586986925346468
-0.07914095278889148  -0.1191783026676354
-0.06579516949597687  -0.0924867360818061
-1.0  -1.0
-0.6129722845054764  -1.0
-0.3594024019400987  -0.8932337336566831
-0.22594456901095258  -0.7864674673133663
-0.13252408596055001  -0.5862807179196472
-0.07914095278889148  -0.5862807179196472
-0.08706289092097874  -0.5862807179196472
-0.10199701117836509  -0.5462433680409033
-0.10669289902398015  -0.43947710169758647
-0.09312585605167793  -0.319365052061355
