0.0  0.0
0.007959183673469386  0.0
0.010408163265306112  0.004489795918367348
0.012244897959183657  0.006734693877551022
0.012857142857142838  0.006734693877551022
0.01346938775510202  0.00938775510204081
0.01387755102040814  0.011224489795918354
0.01387755102040814  0.012448979591836717
0.014285714285714263  0.0130612244897959
0.014285714285714263  0.01326530612244896
0.0  0.0
0.007755102040816326  0.0
0.010408163265306112  0.004081632653061225
0.011428571428571415  0.006734693877551022
0.0130612244897959  0.006734693877551022
0.0140816326530612  0.008367346938775508
0.0140816326530612  0.010204081632653052
0.014285714285714263  0.011428571428571415
0.014285714285714263  0.012857142857142838
0.014285714285714263  0.01326530612244896
