0.0  0.0
0.38571428571428573  0.0
0.6285714285714286  0.22857142857142856
0.8  0.42857142857142855
0.9285714285714286  0.6428571428571429
0.9571428571428572  0.7285714285714285
0.9857142857142858  0.8714285714285714
1.0  0.9
1.0  0.9428571428571428
1.0  0.9714285714285714
0.0  0.0
0.3142857142857143  0.0
0.6428571428571429  0.12857142857142856
0.8285714285714286  0.24285714285714285
0.8571428571428571  0.35714285714285715
0.9285714285714286  0.42857142857142855
0.9857142857142858  0.5
0.9857142857142858  0.8285714285714286
1.0  0.8857142857142857
1.0  0.9571428571428572
