-1.0  -1.0
-0.6129722845054764  -1.0
-0.38609396852592803  -0.8131590338991955
-0.2659819188896965  -0.799813250606281
-0.1592156525463794  -0.6930469842629641
-0.09248673608180609  -0.4127855351117573
-0.07914095278889148  -0.19925300242512334
-0.06579516949597687  -0.19925300242512334
-0.06579516949597687  -0.19925300242512334
-0.06579516949597687  -0.13252408596055001
-1.0  -1.0
-0.5328975847479889  -1.0
-0.27932770218261116  -0.7864674673133664
-0.1592156525463794  -0.7864674673133664
-0.13252408596055007  -0.7197385508487933
-0.13252408596055007  -0.47951445157633044
-0.07914095278889148  -0.3327108353542697
-0.07914095278889148  -0.21259878571803806
-0.07914095278889148  -0.18590721913220878
-0.07914095278889148  -0.1592156525463794
