0.0  0.0
0.005714285714285715  0.0
0.009999999999999992  0.0018367346938775511
0.012244897959183657  0.005918367346938777
0.0130612244897959  0.007551020408163266
0.0  0.0
0.007551020408163266  0.0
0.010408163265306112  0.0016326530612244899
0.012040816326530597  0.004489795918367348
0.01326530612244896  0.007959183673469386
0.01387755102040814  0.007959183673469386
0.0140816326530612  0.008979591836734689
0.014285714285714263  0.011224489795918354
0.014285714285714263  0.012653061224489778
0.014285714285714263  0.0130612244897959
0.0  0.0
0.00653061224489796  0.0
0.010204081632653052  0.0016326530612244899
0.012040816326530597  0.004285714285714286
0.01346938775510202  0.007346938775510205
0.01387755102040814  0.008367346938775508
0.01387755102040814  0.011428571428571415
0.0140816326530612  0.0130612244897959
0.0140816326530612  0.01367346938775508
0.014285714285714263  0.01367346938775508
