0.0  0.0
0.32662721893491103  0.0
0.5715976331360942  0.10498732037193577
0.6999154691462378  0.338292476754015
0.7465765004226537  0.43161453930684673
0.0  0.0
0.43161453930684673  0.0
0.5949281487743022  0.09332206255283179
0.6882502113271339  0.2566356720202873
0.7582417582417577  0.45494505494505466
0.7932375316990695  0.45494505494505466
0.8049027895181735  0.5132713440405745
0.8165680473372775  0.6415891800507181
0.8165680473372775  0.7232459847844458
0.8165680473372775  0.7465765004226537
0.0  0.0
0.3732882502113269  0.0
0.5832628909551982  0.09332206255283179
0.6882502113271339  0.24497041420118332
0.7699070160608616  0.41994928148774274
0.7932375316990695  0.4782755705832626
0.7932375316990695  0.6532544378698221
0.8049027895181735  0.7487984542929594
0.8049027895181735  0.7815722738799656
0.8165680473372775  0.7815722738799656
