0.0  0.0
0.007142857142857144  0.0
0.010408163265306112  0.0014285714285714286
0.012448979591836717  0.004693877551020409
0.014285714285714263  0.007551020408163266
0.014285714285714263  0.007755102040816326
0.014285714285714263  0.009795918367346931
0.014285714285714263  0.012244897959183657
0.014285714285714263  0.01326530612244896
0.014285714285714263  0.01387755102040814
0.0  0.0
0.007959183673469386  0.0
0.010204081632653052  0.0034693877551020416
0.0130612244897959  0.006734693877551022
0.01387755102040814  0.009591836734693871
0.0140816326530612  0.009795918367346931
0.0140816326530612  0.011428571428571415
0.014285714285714263  0.012653061224489778
0.014285714285714263  0.0130612244897959
0.014285714285714263  0.01367346938775508
