0.0  0.0
0.2887445887445887  0.0
0.45800865800865764  0.13939393939393943
0.547619047619047  0.14935064935064937
0.6272727272727265  0.22900432900432907
0.6770562770562762  0.4380952380952377
0.6870129870129862  0.5974025974025967
0.696969696969696  0.5974025974025967
0.696969696969696  0.5974025974025967
0.696969696969696  0.6471861471861464
0.0  0.0
0.3484848484848483  0.0
0.5376623376623371  0.15930735930735934
0.6272727272727265  0.15930735930735934
0.6471861471861464  0.20909090909090913
0.6471861471861464  0.38831168831168805
0.6870129870129862  0.49783549783549735
0.6870129870129862  0.5874458874458868
0.6870129870129862  0.6073593073593067
0.6870129870129862  0.6272727272727265
