0.0  0.0
0.45714285714285713  0.0
0.6857142857142857  0.1
0.7714285714285715  0.32857142857142857
0.8857142857142857  0.4142857142857143
0.9428571428571428  0.5714285714285714
0.9714285714285714  0.6571428571428571
0.9857142857142858  0.6571428571428571
0.9857142857142858  0.7857142857142857
1.0  0.8857142857142857
0.0  0.0
0.4714285714285714  0.0
0.7571428571428571  0.17142857142857143
0.8428571428571429  0.35714285714285715
0.9  0.5714285714285714
0.9571428571428572  0.5857142857142857
0.9714285714285714  0.6
1.0  0.8285714285714286
1.0  0.9
1.0  0.9857142857142858
