0.0  0.0
0.3149619611158071  0.0
0.5832628909551982  0.13998309382924765
0.6532544378698221  0.32662721893491103
0.7115807269653418  0.41994928148774274
0.7699070160608616  0.5715976331360942
0.7932375316990695  0.6999154691462378
0.7932375316990695  0.7465765004226537
0.8049027895181735  0.7699070160608616
0.8165680473372775  0.7932375316990695
0.0  0.0
0.338292476754015  0.0
0.5599323753169904  0.09332206255283179
0.6765849535080299  0.1866441251056635
0.7582417582417577  0.36162299239222295
0.8049027895181735  0.36162299239222295
0.8028901501428972  0.36162299239222295
0.7985340513273651  0.3966187658495348
0.7978561413581489  0.4899408284023665
0.809624441492574  0.5949281487743022
