0.0  0.0
0.36162299239222295  0.0
0.5832628909551982  0.058326289095519866
0.7232459847844458  0.2566356720202873
0.7582417582417577  0.29163144547759917
0.7815722738799656  0.4899408284023665
0.8049027895181735  0.5599323753169904
0.8165680473372775  0.6299239222316141
0.8165680473372775  0.7115807269653418
0.8165680473372775  0.7815722738799656
0.0  0.0
0.36162299239222295  0.0
0.5599323753169904  0.11665257819103973
0.7115807269653418  0.26830092983939124
0.7815722738799656  0.36162299239222295
0.7932375316990695  0.5715976331360942
0.8049027895181735  0.6882502113271339
0.8049027895181735  0.7582417582417577
0.8049027895181735  0.8049027895181735
0.8165680473372775  0.8049027895181735
