0.0  0.0
0.31542857142857145  0.0
0.4731428571428574  0.069
0.5322857142857144  0.2267142857142856
0.611142857142857  0.2858571428571428
0.6505714285714282  0.39428571428571446
0.6702857142857139  0.45342857142857174
0.6801428571428567  0.45342857142857174
0.6801428571428567  0.5421428571428571
0.6899999999999995  0.611142857142857
0.0  0.0
0.32528571428571434  0.0
0.5224285714285716  0.11828571428571426
0.5815714285714285  0.24642857142857133
0.6209999999999998  0.39428571428571446
0.660428571428571  0.40414285714285736
0.6702857142857139  0.4140000000000002
0.6899999999999995  0.5717142857142856
0.6899999999999995  0.6209999999999998
0.6899999999999995  0.6801428571428567
