-1.0  -1.0
-0.6129722845054765  -1.0
-0.37274818523301356  -0.8531963837779394
-0.19925300242512353  -0.6530096343842203
-0.18590721913220892  -0.6530096343842203
-0.17256143583929426  -0.6530096343842203
0.01681876998290405  -0.6530096343842203
0.026503320757680603  -0.41278553511175736
0.031995169534887666  -0.2793277021826112
0.0471715690868713  -0.1592156525463794
-1.0  -1.0
-0.49286023486924485  -1.0
-0.3460566186471842  -0.7998132506062808
-0.2125987857180379  -0.7063927675558787
-0.18590721913220862  -0.6263180677983909
-0.11917830266763535  -0.49286023486924485
-0.11917830266763535  -0.49286023486924485
-0.09248673608180609  -0.43947710169758647
-0.09248673608180609  -0.29267348547552574
-0.09248673608180609  -0.13252408596055001
