0.0  0.0
0.005510204081632654  0.0
0.010204081632653052  0.002448979591836735
0.011428571428571415  0.005714285714285715
0.012448979591836717  0.007346938775510205
0.01346938775510202  0.009999999999999992
0.01387755102040814  0.012244897959183657
0.01387755102040814  0.0130612244897959
0.0140816326530612  0.01346938775510202
0.014285714285714263  0.01387755102040814
0.0  0.0
0.005918367346938777  0.0
0.009795918367346931  0.0016326530612244899
0.011836734693877535  0.00326530612244898
0.01326530612244896  0.006326530612244899
0.0140816326530612  0.006326530612244899
0.01816326530612243  0.006326530612244899
0.026938775510204082  0.006938775510204083
0.028367346938775465  0.008571428571428568
0.028367346938775462  0.010408163265306112
