0.0  0.0
0.007346938775510205  0.0
0.009999999999999992  0.0020408163265306124
0.012040816326530597  0.0020408163265306124
0.012653061224489778  0.006734693877551022
0.01387755102040814  0.008367346938775508
0.0140816326530612  0.008979591836734689
0.0140816326530612  0.011836734693877535
0.014285714285714263  0.01346938775510202
0.014285714285714263  0.01387755102040814
0.0  0.0
0.007142857142857144  0.0
0.010816326530612234  0.0028571428571428576
0.012244897959183657  0.005510204081632654
0.01367346938775508  0.005510204081632654
0.01387755102040814  0.005510204081632654
0.01387755102040814  0.007755102040816326
0.01387755102040814  0.009999999999999992
0.0140816326530612  0.011836734693877535
0.014285714285714263  0.012448979591836717
