0.0  0.0
0.32528571428571434  0.0
0.4632857142857146  0.1478571428571428
0.5717142857142856  0.2069999999999999
0.6407142857142855  0.2858571428571428
0.6505714285714282  0.4632857142857146
0.660428571428571  0.5027142857142859
0.6899999999999995  0.5125714285714287
0.6899999999999995  0.5717142857142856
0.6899999999999995  0.6505714285714282
0.0  0.0
0.38442857142857156  0.0
0.611142857142857  0.2069999999999999
0.6407142857142855  0.2277142857142856
0.6505714285714282  0.27771428571428575
0.6801428571428567  0.44357142857142884
0.6801428571428567  0.5421428571428571
0.6899999999999995  0.611142857142857
0.6899999999999995  0.6308571428571426
0.6899999999999995  0.6505714285714282
