0.25  0.25
0.33126003705234525  0.3333333333333333
0.3700691452383879  0.3854128055709494
0.40532347761236076  0.42384972427080886
0.42653741200527157  0.4483965951285344
0.43874590614325343  0.4654720137871294
0.4443177882563853  0.47740396353260994
0.4497532622462762  0.4904107367814311
0.4533955393003793  0.5031279979997697
0.45473707790864676  0.5143537172676803
0.25  0.25
0.3288576273498324  0.3333333333333333
0.37188536040913656  0.38789475430298564
0.3978299171679036  0.42207241245659693
0.41249778634313944  0.44898318995329145
0.4257726238839815  0.46910293800652075
0.4348719072482377  0.48362195686843257
0.43963193066847545  0.49798382780459194
0.44396394477231865  0.5104908464047776
0.4473185375813699  0.5221170768942368
