0.0  0.0
0.4082840236686388  0.0
0.6299239222316141  0.17497886728655954
0.7349112426035498  0.26830092983939124
0.7815722738799656  0.4082840236686388
0.7932375316990695  0.5715976331360942
0.8165680473372775  0.5949281487743022
0.8165680473372775  0.7115807269653418
0.8165680473372775  0.7699070160608616
0.8165680473372775  0.7932375316990695
0.0  0.0
0.32662721893491103  0.0
0.6532544378698221  0.011665257819103974
0.7349112426035498  0.2799661876584952
0.7815722738799656  0.43161453930684673
0.7932375316990695  0.43161453930684673
0.8049027895181735  0.5715976331360942
0.8049027895181735  0.6999154691462378
0.8165680473372775  0.7699070160608616
0.8165680473372775  0.7932375316990695
