0.0  0.0
0.3055714285714286  0.0
0.49285714285714305  0.04928571428571428
0.611142857142857  0.21685714285714275
0.6407142857142855  0.24642857142857133
0.660428571428571  0.4140000000000002
0.6801428571428567  0.4731428571428574
0.6899999999999995  0.5322857142857144
0.6899999999999995  0.6012857142857141
0.6899999999999995  0.660428571428571
0.0  0.0
0.3055714285714286  0.0
0.4731428571428574  0.09857142857142855
0.6012857142857141  0.2267142857142856
0.660428571428571  0.3055714285714286
0.6702857142857139  0.48300000000000026
0.6801428571428567  0.5815714285714285
0.6801428571428567  0.6407142857142855
0.6801428571428567  0.6801428571428567
0.6899999999999995  0.6801428571428567
