0.0  0.0
0.38571428571428573  0.0
0.7142857142857143  0.17142857142857143
0.8  0.4
0.8714285714285714  0.5142857142857142
0.9428571428571428  0.7
0.9714285714285714  0.8571428571428571
0.9714285714285714  0.9142857142857143
0.9857142857142858  0.9428571428571428
1.0  0.9714285714285714
0.0  0.0
0.4142857142857143  0.0
0.6857142857142857  0.11428571428571428
0.8285714285714286  0.22857142857142856
0.9285714285714286  0.44285714285714284
0.9857142857142858  0.44285714285714284
0.9857142857142858  0.44285714285714284
0.9857142857142858  0.4857142857142857
0.9857142857142858  0.6
1.0  0.7285714285714285
