-1.0  -1.0
-0.5062060181621595  -1.0
-0.2926734854755256  -0.7731216840204517
-0.21259878571803784  -0.759775900727537
-0.14586986925346473  -0.693046984262964
-0.1191783026676354  -0.38609396852592803
-0.07914095278889148  -0.2659819188896964
-0.06579516949597687  -0.1992530024251232
-0.06579516949597687  -0.13252408596055001
-0.06579516949597687  -0.0924867360818061
-1.0  -1.0
-0.5462433680409033  -1.0
-0.2659819188896965  -0.7464301174346225
-0.172561435839294  -0.5462433680409033
-0.1191783026676354  -0.49286023486924485
-0.0924867360818061  -0.34605661864718423
-0.0924867360818061  -0.21259878571803795
-0.07914095278889148  -0.15921565254637954
-0.06579516949597687  -0.09248673608180609
-0.06579516949597687  -0.06579516949597687
