0.25  0.25
0.33042323064668216  0.3333333333333333
0.3771425087983245  0.3788819872400754
0.39827542584221354  0.4060795463511056
0.41487840181058205  0.42872850875589663
0.42736353407248057  0.4454265439224524
0.4320930828050033  0.4607596665675686
0.43761474026676056  0.473432324751909
0.4416414301916043  0.48561918434721096
0.44436358462922054  0.4956171913385657
0.25  0.25
0.3256589026878427  0.3333333333333333
0.3664907459466508  0.3874218434288282
0.4024525184610994  0.4293530582761207
0.42575718060419004  0.4527403064360886
0.4356031232777752  0.4689210545803352
0.4422639035606181  0.48431757422282806
0.4479405414262683  0.49711314361058717
0.4530984861272634  0.5078911375185697
0.4563105438963822  0.5152201378450187
