0.0  0.0
0.3484848484848483  0.0
0.5077922077922074  0.06969696969696972
0.6073593073593067  0.22900432900432907
0.696969696969696  0.36839826839826817
0.696969696969696  0.3783549783549781
0.696969696969696  0.47792207792207747
0.696969696969696  0.5974025974025967
0.696969696969696  0.6471861471861464
0.696969696969696  0.6770562770562762
0.0  0.0
0.38831168831168805  0.0
0.49783549783549735  0.1692640692640693
0.6372294372294365  0.3285714285714284
0.6770562770562762  0.4679653679653676
0.6870129870129862  0.47792207792207747
0.6870129870129862  0.557575757575757
0.696969696969696  0.6173160173160166
0.696969696969696  0.6372294372294365
0.696969696969696  0.6670995670995663
