0.0  0.0
0.005918367346938777  0.0
0.009591836734693871  0.002244897959183674
0.012244897959183657  0.005306122448979593
0.012448979591836717  0.005306122448979593
0.012653061224489778  0.005306122448979593
0.01367346938775508  0.005306122448979593
0.01387755102040814  0.008979591836734689
0.01387755102040814  0.011020408163265294
0.0140816326530612  0.012857142857142838
0.0  0.0
0.007755102040816326  0.0
0.009999999999999992  0.003061224489795919
0.012040816326530597  0.004489795918367348
0.012448979591836717  0.005714285714285715
0.01346938775510202  0.007755102040816326
0.01346938775510202  0.007755102040816326
0.01387755102040814  0.008571428571428568
0.01387755102040814  0.010816326530612234
0.01387755102040814  0.01326530612244896
