0.25  0.25
0.33051699411501584  0.3333333333333333
0.36974420882613773  0.3867356113431136
0.39344496833131637  0.4213867226247722
0.40696754543232966  0.4471440318844087
0.4162775259449645  0.4637204211251661
0.42159392227885767  0.47932580360504673
0.42304988986918346  0.48851798267395175
0.4232163516177045  0.49534090556106225
0.42338411709077717  0.49712662495549137
0.25  0.25
0.3279954482087241  0.3333333333333333
0.3704883281672715  0.3812872019925115
0.394809606553712  0.41129394679736836
0.4100714865535776  0.4353940891617812
0.4211794225808763  0.4506319243228674
0.42891465471676105  0.46234857892246434
0.4344601224865599  0.47331812547268604
0.43631979096274304  0.48222515211365
0.43770285419756855  0.49083794184579593
