0.0  0.0
0.36839826839826817  0.0
0.44805194805194765  0.13939393939393943
0.5675324675324669  0.24891774891774893
0.6173160173160166  0.33852813852813834
0.6770562770562762  0.49783549783549735
0.6870129870129862  0.5974025974025967
0.6870129870129862  0.6471861471861464
0.696969696969696  0.6571428571428564
0.696969696969696  0.6770562770562762
0.0  0.0
0.29870129870129863  0.0
0.4878787878787874  0.10952380952380955
0.5774891774891768  0.13939393939393943
0.6272727272727265  0.27878787878787875
0.6571428571428564  0.4082251082251079
0.6770562770562762  0.557575757575757
0.6870129870129862  0.6272727272727265
0.696969696969696  0.6670995670995663
0.6945401537238264  0.6670995670995663
