0.0  0.0
0.38442857142857156  0.0
0.5027142857142859  0.21685714285714275
0.5914285714285713  0.32528571428571434
0.6209999999999998  0.32528571428571434
0.6505714285714282  0.45342857142857174
0.6702857142857139  0.5448571428571428
0.6702857142857139  0.6012857142857141
0.6899999999999995  0.6308571428571426
0.6899999999999995  0.6407142857142855
0.0  0.0
0.3745714285714287  0.0
0.5027142857142859  0.19714285714285706
0.552  0.32528571428571434
0.6308571428571426  0.3254285714285715
0.6801428571428567  0.40414285714285736
0.6801428571428567  0.49285714285714305
0.6899999999999995  0.552
0.6899999999999995  0.6209999999999998
0.6899999999999995  0.6407142857142855
