0.0  0.0
0.3149619611158071  0.0
0.5132713440405745  0.1866441251056635
0.6532544378698221  0.34995773457311896
0.7582417582417577  0.5249366018596784
0.7815722738799656  0.5949281487743022
0.8049027895181735  0.7115807269653418
0.8165680473372775  0.7349112426035498
0.8165680473372775  0.7699070160608616
0.8165680473372775  0.7932375316990695
0.0  0.0
0.2566356720202873  0.0
0.5249366018596784  0.10498732037193577
0.6765849535080299  0.19830938292476746
0.6999154691462378  0.29163144547759917
0.7582417582417577  0.34995773457311896
0.8049027895181735  0.4082840236686388
0.8049027895181735  0.6765849535080299
0.8165680473372775  0.7232459847844458
0.8165680473372775  0.7815722738799656
