0.0  0.0
0.354857142857143  0.0
0.48300000000000026  0.09857142857142855
0.5815714285714285  0.09857142857142855
0.611142857142857  0.32528571428571434
0.6702857142857139  0.40414285714285736
0.6801428571428567  0.43371428571428594
0.6801428571428567  0.5717142857142856
0.6899999999999995  0.6505714285714282
0.6899999999999995  0.6702857142857139
0.0  0.0
0.3450000000000001  0.0
0.5224285714285716  0.13799999999999996
0.5914285714285713  0.26614285714285707
0.660428571428571  0.26614285714285707
0.6702857142857139  0.26614285714285707
0.6702857142857139  0.3745714285714287
0.6702857142857139  0.48300000000000026
0.6801428571428567  0.5717142857142856
0.6899999999999995  0.6012857142857141
