0.0  0.0
0.2858571428571428  0.0
0.4632857142857146  0.1084285714285714
0.5914285714285713  0.25628571428571423
0.6012857142857141  0.25628571428571423
0.611142857142857  0.25628571428571423
0.6700000000000006  0.25628571428571423
0.6795714285714292  0.43371428571428594
0.6800000000000006  0.5322857142857144
0.6900000000000007  0.6209999999999998
0.0  0.0
0.3745714285714287  0.0
0.48300000000000026  0.1478571428571428
0.5815714285714285  0.21685714285714275
0.6012857142857141  0.27599999999999997
0.6505714285714282  0.3745714285714287
0.6505714285714282  0.3745714285714287
0.6702857142857139  0.4140000000000002
0.6702857142857139  0.5224285714285716
0.6702857142857139  0.6407142857142855
