0.0  0.0
0.3450000000000001  0.0
0.5322857142857144  0.1478571428571428
0.6209999999999998  0.2267142857142856
0.660428571428571  0.3450000000000001
0.6702857142857139  0.48300000000000026
0.6899999999999995  0.5027142857142859
0.6899999999999995  0.6012857142857141
0.6899999999999995  0.6505714285714282
0.6899999999999995  0.6702857142857139
0.0  0.0
0.27599999999999997  0.0
0.552  0.009857142857142856
0.6209999999999998  0.23657142857142846
0.660428571428571  0.3647142857142858
0.6702857142857139  0.3647142857142858
0.6801428571428567  0.48300000000000026
0.6801428571428567  0.5914285714285713
0.6899999999999995  0.6505714285714282
0.6899999999999995  0.6702857142857139
