0.0  0.0
0.44285714285714284  0.0
0.7142857142857143  0.07142857142857142
0.8857142857142857  0.3142857142857143
0.9285714285714286  0.35714285714285715
0.9571428571428572  0.6
0.9857142857142858  0.6857142857142857
1.0  0.7714285714285715
1.0  0.8714285714285714
1.0  0.9571428571428572
0.0  0.0
0.44285714285714284  0.0
0.6857142857142857  0.14285714285714285
0.8714285714285714  0.32857142857142857
0.9571428571428572  0.44285714285714284
0.9714285714285714  0.7
0.9857142857142858  0.8428571428571429
0.9857142857142858  0.9285714285714286
0.9857142857142858  0.9857142857142858
1.0  0.9857142857142858
