0.0  0.0
0.5571428571428572  0.0
0.7285714285714285  0.3142857142857143
0.8571428571428571  0.4714285714285714
0.9  0.4714285714285714
0.9428571428571428  0.6571428571428571
0.9714285714285714  0.7766666666666667
0.9714285714285714  0.8714285714285714
1.0  0.9142857142857143
1.0  0.9285714285714286
0.0  0.0
0.5428571428571428  0.0
0.7285714285714285  0.2857142857142857
0.8  0.4714285714285714
0.9142857142857143  0.47095238095238096
0.9857142857142858  0.5857142857142857
0.9857142857142858  0.7142857142857143
1.0  0.8
1.0  0.9
1.0  0.9285714285714286
