0.0  0.0
0.36839826839826817  0.0
0.5277056277056271  0.1692640692640693
0.5874458874458868  0.17922077922077925
0.6372294372294365  0.22900432900432907
0.6571428571428564  0.45800865800865764
0.6870129870129862  0.547619047619047
0.696969696969696  0.5974025974025967
0.696969696969696  0.6471861471861464
0.696969696969696  0.6770562770562762
0.0  0.0
0.33852813852813834  0.0
0.547619047619047  0.18917748917748922
0.6173160173160166  0.33852813852813834
0.6571428571428564  0.3783549783549781
0.6770562770562762  0.4878787878787874
0.6770562770562762  0.5874458874458868
0.6870129870129862  0.6272727272727265
0.696969696969696  0.6770562770562762
0.696969696969696  0.696969696969696
