0.0  0.0
0.45494505494505466  0.0
0.5949281487743022  0.2566356720202873
0.6999154691462378  0.3849535080304309
0.7349112426035498  0.3849535080304309
0.7699070160608616  0.5366018596787824
0.7932375316990695  0.6429084651612123
0.7932375316990695  0.7115807269653418
0.8165680473372775  0.7465765004226537
0.8165680473372775  0.7582417582417577
0.0  0.0
0.44327979712595067  0.0
0.5949281487743022  0.23330515638207935
0.6532544378698221  0.3849535080304309
0.7465765004226537  0.38502294408887794
0.8049027895181735  0.4782755705832626
0.8049027895181735  0.5832628909551982
0.8165680473372775  0.6532544378698221
0.8165680473372775  0.7349112426035498
0.8165680473372775  0.7582417582417577
