-1.0  -1.0
-0.5195518014550743  -1.0
-0.3460566186471843  -0.866542167070854
-0.21259878571803817  -0.866542167070854
-0.17256143583929417  -0.559589151333818
-0.09248673608180609  -0.45282288499050116
-0.07914095278889148  -0.41278553511175736
-0.07914095278889148  -0.22594456901095258
-0.06579516949597687  -0.11917830266763535
-0.06579516949597687  -0.09248673608180609
-1.0  -1.0
-0.5328975847479888  -1.0
-0.2926734854755257  -0.8131590338991955
-0.1992530024251232  -0.6396638510913056
-0.10583251937472071  -0.6396638510913056
-0.0924867360818061  -0.6396638510913056
-0.0924867360818061  -0.49286023486924496
-0.0924867360818061  -0.3460566186471842
-0.07914095278889148  -0.2259445690109527
-0.06579516949597687  -0.18590721913220878
