0.0  0.0
0.2688311688311688  0.0
0.49783549783549735  0.1194805194805195
0.557575757575757  0.27878787878787875
0.6073593073593067  0.35844155844155823
0.6571428571428564  0.4878787878787874
0.6770562770562762  0.5974025974025967
0.6770562770562762  0.6372294372294365
0.6870129870129862  0.6571428571428564
0.696969696969696  0.6770562770562762
0.0  0.0
0.2887445887445887  0.0
0.47792207792207747  0.07965367965367967
0.5774891774891768  0.15930735930735934
0.6471861471861464  0.3086580086580086
0.6870129870129862  0.3086580086580086
0.6861295167417608  0.3086580086580086
0.6842081966003699  0.33852813852813834
0.6839190194755094  0.4181818181818178
0.6939217245339686  0.5077922077922074
