-1.0  -1.0
-0.5862807179196472  -1.0
-0.3327108353542696  -0.9332710835354269
-0.1725614358392941  -0.7063927675558788
-0.13252408596055004  -0.6663554176771349
-0.10583251937472071  -0.4394771016975865
-0.07914095278889148  -0.35940240194009876
-0.06579516949597687  -0.27932770218261116
-0.06579516949597687  -0.18590721913220878
-0.06579516949597687  -0.10583251937472071
-1.0  -1.0
-0.5862807179196472  -1.0
-0.35940240194009887  -0.866542167070854
-0.18590721913220878  -0.6930469842629641
-0.10583251937472071  -0.5862807179196472
-0.0924867360818061  -0.3460566186471842
-0.07914095278889148  -0.21259878571803797
-0.07914095278889148  -0.13252408596055001
-0.07914095278889148  -0.07914095278889148
-0.06579516949597687  -0.07914095278889148
