0.25  0.25
0.32660697805666494  0.3333333333333333
0.3722895333010676  0.3859956209802025
0.3974815628390553  0.4191338280922885
0.41189671043954423  0.445344451472631
0.4252578638933218  0.46901406462576045
0.43200543049808776  0.48545885947917283
0.4345604287246733  0.4994170056372811
0.43483045744474036  0.5097733376726498
0.4344294778552547  0.5187175071907052
0.25  0.25
0.34190442849954916  0.3333333333333333
0.37825361179681766  0.3758035713883929
0.40220141933683223  0.41242722012516975
0.424617651364001  0.4396003228246253
0.4333289779885607  0.4579169329574453
0.437549235793636  0.4734231773346478
0.4410054449460016  0.4812359736843939
0.4428193520022908  0.4880581879046096
0.4443248762529582  0.4946463253760525
