0.25  0.25
0.3163894303750732  0.3333333333333333
0.35978148856070263  0.3915382435571891
0.38660413215287553  0.4265095363039215
0.4017515209453999  0.4482156378954461
0.41597014706987784  0.469337289389945
0.4269588432197933  0.4834362854146225
0.4319064956002147  0.4963053657346575
0.4333057608638122  0.5081342379060284
0.43402830858034946  0.5204317974324566
0.25  0.25
0.326885836720635  0.3333333333333333
0.372158085997607  0.40189825778298366
0.3982371125776164  0.44138518223453926
0.4125185118701921  0.47100264638757305
0.4222089378288695  0.49705133577203736
0.42590307065678995  0.5195318447010903
0.4278689463220459  0.538563365152262
0.4280138599086749  0.5533989518513872
0.4266859337219801  0.565265335306684
