0.0  0.0
0.5285714285714286  0.0
0.6428571428571429  0.2
0.8142857142857143  0.35714285714285715
0.8857142857142857  0.4857142857142857
0.9714285714285714  0.7142857142857143
0.9857142857142858  0.8571428571428571
0.9857142857142858  0.9285714285714286
1.0  0.9428571428571428
1.0  0.9714285714285714
0.0  0.0
0.42857142857142855  0.0
0.7  0.15714285714285714
0.8285714285714286  0.2
0.9  0.4
0.9428571428571428  0.5857142857142857
0.9714285714285714  0.8
0.9857142857142858  0.9
1.0  0.9571428571428572
1.0  0.9571428571428572
