0.0  0.0
0.5285714285714286  0.0
0.7571428571428571  0.24285714285714285
0.8428571428571429  0.2571428571428571
0.9142857142857143  0.32857142857142857
0.9428571428571428  0.6571428571428571
0.9857142857142858  0.7857142857142857
1.0  0.8571428571428571
1.0  0.9285714285714286
1.0  0.9714285714285714
0.0  0.0
0.4857142857142857  0.0
0.7857142857142857  0.2714285714285714
0.8857142857142857  0.4857142857142857
0.9428571428571428  0.5428571428571428
0.9714285714285714  0.7
0.9714285714285714  0.8428571428571429
0.9857142857142858  0.9
1.0  0.9714285714285714
1.0  1.0
