0.0  0.0
0.005918367346938777  0.0
0.00938775510204081  0.0028571428571428576
0.011224489795918354  0.003061224489795919
0.012857142857142838  0.004693877551020409
0.01387755102040814  0.008979591836734689
0.0140816326530612  0.012244897959183657
0.014285714285714263  0.012244897959183657
0.014285714285714263  0.012244897959183657
0.014285714285714263  0.01326530612244896
0.0  0.0
0.007142857142857144  0.0
0.011020408163265294  0.00326530612244898
0.012857142857142838  0.00326530612244898
0.01326530612244896  0.004285714285714286
0.01326530612244896  0.007959183673469386
0.0140816326530612  0.010204081632653052
0.0140816326530612  0.012040816326530597
0.0140816326530612  0.012448979591836717
0.0140816326530612  0.012857142857142838
