0.0  0.0
0.007551020408163266  0.0
0.010816326530612234  0.0034693877551020416
0.012040816326530597  0.0036734693877551023
0.0130612244897959  0.004693877551020409
0.01346938775510202  0.00938775510204081
0.0140816326530612  0.011224489795918354
0.014285714285714263  0.012244897959183657
0.014285714285714263  0.01326530612244896
0.014285714285714263  0.01387755102040814
0.0  0.0
0.006938775510204083  0.0
0.011224489795918354  0.003877551020408164
0.012653061224489778  0.006938775510204083
0.01346938775510202  0.007755102040816326
0.01387755102040814  0.009999999999999992
0.01387755102040814  0.012040816326530597
0.0140816326530612  0.012857142857142838
0.014285714285714263  0.01387755102040814
0.014285714285714263  0.014285714285714263
