0.0  0.0
0.005510204081632654  0.0
0.008979591836734689  0.00326530612244898
0.011428571428571415  0.006122448979591838
0.01326530612244896  0.009183673469387749
0.01367346938775508  0.010408163265306112
0.0140816326530612  0.012448979591836717
0.014285714285714263  0.012857142857142838
0.014285714285714263  0.01346938775510202
0.014285714285714263  0.01387755102040814
0.0  0.0
0.004489795918367348  0.0
0.009183673469387749  0.0018367346938775511
0.011836734693877535  0.0034693877551020416
0.012244897959183657  0.005102040816326532
0.01326530612244896  0.006122448979591838
0.0140816326530612  0.007142857142857144
0.0140816326530612  0.011836734693877535
0.014285714285714263  0.012653061224489778
0.014285714285714263  0.01367346938775508
