0.0  0.0
0.3732882502113269  0.0
0.5599323753169904  0.08165680473372781
0.6299239222316141  0.26830092983939124
0.7232459847844458  0.338292476754015
0.7699070160608616  0.4666103127641586
0.7932375316990695  0.5366018596787824
0.8049027895181735  0.5366018596787824
0.8049027895181735  0.6415891800507181
0.8165680473372775  0.7232459847844458
0.0  0.0
0.3849535080304309  0.0
0.6182586644125101  0.13998309382924765
0.6882502113271339  0.29163144547759917
0.7349112426035498  0.4666103127641586
0.7815722738799656  0.4782755705832626
0.7932375316990695  0.4899408284023665
0.8165680473372775  0.6765849535080299
0.8165680473372775  0.7349112426035498
0.8165680473372775  0.8049027895181735
