0.0  0.0
0.3484848484848483  0.0
0.5376623376623371  0.14935064935064937
0.6272727272727265  0.22900432900432907
0.6670995670995663  0.3484848484848483
0.6770562770562762  0.4878787878787874
0.696969696969696  0.5077922077922074
0.696969696969696  0.6073593073593067
0.696969696969696  0.6571428571428564
0.696969696969696  0.6770562770562762
0.0  0.0
0.27878787878787875  0.0
0.557575757575757  0.009956709956709957
0.6272727272727265  0.238961038961039
0.6670995670995663  0.36839826839826817
0.6770562770562762  0.36839826839826817
0.6870129870129862  0.4878787878787874
0.6870129870129862  0.5974025974025967
0.696969696969696  0.6571428571428564
0.696969696969696  0.6770562770562762
