0.0  0.0
0.2887445887445887  0.0
0.4679653679653676  0.10952380952380955
0.5974025974025967  0.25887445887445887
0.6073593073593067  0.25887445887445887
0.6173160173160166  0.25887445887445887
0.6739067055393596  0.25887445887445887
0.6836602173336878  0.4380952380952377
0.6839650145772604  0.5376623376623371
0.6940233236151614  0.6272727272727265
0.0  0.0
0.3783549783549781  0.0
0.4878787878787874  0.14935064935064937
0.5874458874458868  0.2190476190476191
0.6073593073593067  0.27878787878787875
0.6571428571428564  0.3783549783549781
0.6571428571428564  0.3783549783549781
0.6770562770562762  0.4181818181818178
0.6770562770562762  0.5277056277056271
0.6770562770562762  0.6471861471861464
