0.0  0.0
0.338292476754015  0.0
0.5482671174978864  0.12831783601014368
0.6999154691462378  0.3032967032967031
0.7115807269653418  0.3032967032967031
0.7232459847844458  0.3032967032967031
0.786224489795918  0.3032967032967031
0.7977508754981277  0.5132713440405745
0.797959183673469  0.6299239222316141
0.80969387755102  0.7349112426035498
0.0  0.0
0.44327979712595067  0.0
0.5715976331360942  0.17497886728655954
0.6882502113271339  0.2566356720202873
0.7115807269653418  0.32662721893491103
0.7699070160608616  0.44327979712595067
0.7699070160608616  0.44327979712595067
0.7932375316990695  0.4899408284023665
0.7932375316990695  0.6182586644125101
0.7932375316990695  0.7582417582417577
