0.0  0.0
0.41994928148774274  0.0
0.5715976331360942  0.11665257819103973
0.6882502113271339  0.11665257819103973
0.7232459847844458  0.3849535080304309
0.7932375316990695  0.4782755705832626
0.8049027895181735  0.5132713440405745
0.8049027895181735  0.6765849535080299
0.8165680473372775  0.7699070160608616
0.8165680473372775  0.7932375316990695
0.0  0.0
0.4082840236686388  0.0
0.6182586644125101  0.16331360946745557
0.6999154691462378  0.3149619611158071
0.7815722738799656  0.3149619611158071
0.7932375316990695  0.3149619611158071
0.7932375316990695  0.44327979712595067
0.7932375316990695  0.5715976331360942
0.8049027895181735  0.6765849535080299
0.8165680473372775  0.7115807269653418
