0.0  0.0
0.3647142857142858  0.0
0.5224285714285716  0.1675714285714285
0.5815714285714285  0.17742857142857135
0.6308571428571426  0.2267142857142856
0.6505714285714282  0.45342857142857174
0.6801428571428567  0.5421428571428571
0.6899999999999995  0.5914285714285713
0.6899999999999995  0.6407142857142855
0.6899999999999995  0.6702857142857139
0.0  0.0
0.3351428571428572  0.0
0.5421428571428571  0.1872857142857142
0.611142857142857  0.3351428571428572
0.6505714285714282  0.3745714285714287
0.6702857142857139  0.48300000000000026
0.6702857142857139  0.5815714285714285
0.6801428571428567  0.6209999999999998
0.6899999999999995  0.6702857142857139
0.6899999999999995  0.6899999999999995
