-1.0  -1.0
-0.626318067798391  -1.0
-0.3460566186471843  -0.8798879503637685
-0.1992530024251232  -0.6129722845054765
-0.14586986925346468  -0.5062060181621596
-1.0  -1.0
-0.5062060181621597  -1.0
-0.31936505206135507  -0.8932337336566831
-0.21259878571803784  -0.7063927675558788
-0.13252408596054996  -0.47951445157633044
-0.09248673608180609  -0.47951445157633044
-0.07914095278889148  -0.41278553511175736
-0.06579516949597687  -0.2659819188896967
-0.06579516949597687  -0.1725614358392942
-0.06579516949597687  -0.1458698692534648
-1.0  -1.0
-0.5729349346267327  -1.0
-0.33271083535426965  -0.8932337336566831
-0.212598785718038  -0.7197385508487933
-0.1191783026676354  -0.5195518014550743
-0.09248673608180609  -0.4528228849905013
-0.09248673608180609  -0.2526361355967819
-0.07914095278889148  -0.0872901489632557
-0.07914095278889148  -0.10583251937472071
-0.06579516949597687  -0.10583251937472071
