0.25  0.25
0.3241620546030194  0.3333333333333333
0.3658877198975876  0.3838958720155323
0.3969273397674009  0.4186002136542684
0.4131322776103261  0.443340209349848
0.41878192490095406  0.46344248162490354
0.42773258610706005  0.48024848310558843
0.4341242803629515  0.4910969207683507
0.43878238350590576  0.5007012045872049
0.4418442400176886  0.508631015423019
0.25  0.25
0.32801970766734423  0.3333333333333333
0.37318149442889015  0.380060663739726
0.3942093894254578  0.41074912287642196
0.4078631222688019  0.4444944823760434
0.4231577132690527  0.4721915562049212
0.433379854572637  0.49274909361885233
0.4390057752438992  0.5087461397014978
0.4427679411047207  0.520897496506978
0.44499467719969904  0.531079395715432
