0.0  0.0
0.3285714285714284  0.0
0.4679653679653676  0.14935064935064937
0.5774891774891768  0.20909090909090913
0.6471861471861464  0.2887445887445887
0.6571428571428564  0.4679653679653676
0.6670995670995663  0.5077922077922074
0.696969696969696  0.5177489177489173
0.696969696969696  0.5774891774891768
0.696969696969696  0.6571428571428564
0.0  0.0
0.38831168831168805  0.0
0.6173160173160166  0.20909090909090913
0.6471861471861464  0.22971552257266548
0.6571428571428564  0.28000706776216966
0.6870129870129862  0.44805194805194765
0.6870129870129862  0.547619047619047
0.696969696969696  0.6173160173160166
0.696969696969696  0.6372294372294365
0.696969696969696  0.6571428571428564
