0.0  0.0
0.26614285714285707  0.0
0.43371428571428594  0.15771428571428564
0.552  0.2957142857142857
0.6407142857142855  0.44357142857142884
0.660428571428571  0.5027142857142859
0.6801428571428567  0.6012857142857141
0.6899999999999995  0.6209999999999998
0.6899999999999995  0.6505714285714282
0.6899999999999995  0.6702857142857139
0.0  0.0
0.21685714285714275  0.0
0.44357142857142884  0.0887142857142857
0.5717142857142856  0.1675714285714285
0.5914285714285713  0.24642857142857133
0.6407142857142855  0.2957142857142857
0.6801428571428567  0.3450000000000001
0.6801428571428567  0.5717142857142856
0.6899999999999995  0.611142857142857
0.6899999999999995  0.660428571428571
