0.25  0.25
0.3341545022593478  0.3333333333333333
0.37226322840192205  0.37711656516374636
0.3941891131915956  0.40669344568105814
0.4161610725851021  0.4269226063462346
0.42715922310426424  0.4415075952765446
0.4328688365000519  0.45122752242757536
0.4371026067025133  0.45796792699734434
0.44084848422240686  0.4607562398441671
0.44402556300616397  0.4598270717275718
0.25  0.25
0.32257367711937524  0.3333333333333333
0.36161863920831966  0.3846806337070459
0.38800284384724454  0.41863340151438566
0.407437783624659  0.4424772912969635
0.4197487460927465  0.45616470591635033
0.4252097565589231  0.46775305073002327
0.42934161052646896  0.4773053133254466
0.43147398564464917  0.4848406514467033
0.43271198634992614  0.4913911206274026
