0.25  0.25
0.3302987396352554  0.3333333333333333
0.3709759181447912  0.3789621107201598
0.39874741647245215  0.41432756968535184
0.4136141603630262  0.43945785620438754
0.42611961227184786  0.4594561555010464
0.43527402781844604  0.4761919792174392
0.4382179178507271  0.49080668246130404
0.4406035780112283  0.5024875014110983
0.4414370733630511  0.5111587968189265
0.25  0.25
0.33309259816893005  0.3333333333333333
0.3726487106346504  0.3829224249724821
0.3985529566622867  0.4208158379031674
0.41273541929436547  0.4480712951283335
0.4218241121146964  0.47554912216482403
0.4274546055176384  0.4965151872827641
0.42993982469395153  0.5116634557949394
0.4328717969793936  0.5230752350189117
0.433763281839327  0.5312314114070852
