0.25  0.25
0.33645492010391576  0.3333333333333333
0.37415648716107075  0.3785264955997757
0.3994427633305515  0.4102768588255131
0.41557117955210315  0.4355053281656981
0.4272703493355756  0.45782691663101815
0.43788169628236123  0.475859386436328
0.4433104441261245  0.48947211154826065
0.44586978453089793  0.5012839296066427
0.44726748679844797  0.5119245960054155
0.25  0.25
0.3343500534400285  0.3333333333333333
0.37380286848346306  0.384824790078759
0.39505870051194814  0.4216965422057278
0.41438045969332443  0.4526274295386375
0.4273114004631265  0.4731959596683147
0.435101305393019  0.48827246478576447
0.4402539104629155  0.5013591332673167
0.4434509145079722  0.5117906404600147
0.44475058810019985  0.5212491426194783
