0.0  0.0
0.006326530612244899  0.0
0.010204081632653052  0.001020408163265306
0.012653061224489778  0.004489795918367348
0.01326530612244896  0.005102040816326532
0.01367346938775508  0.008571428571428568
0.0140816326530612  0.009795918367346931
0.014285714285714263  0.011020408163265294
0.014285714285714263  0.012448979591836717
0.014285714285714263  0.01367346938775508
0.0  0.0
0.006326530612244899  0.0
0.009795918367346931  0.0020408163265306124
0.012448979591836717  0.004693877551020409
0.01367346938775508  0.006326530612244899
0.01387755102040814  0.009999999999999992
0.0140816326530612  0.012040816326530597
0.0140816326530612  0.01326530612244896
0.0140816326530612  0.0140816326530612
0.014285714285714263  0.0140816326530612
