0.25  0.25
0.32125603994678237  0.3333333333333333
0.36104921179195115  0.3887585558602784
0.3853092569169844  0.431335077425245
0.402251089425694  0.463029843644501
0.41142226819297356  0.48265203842223453
0.4149487012198931  0.5005984474415803
0.4159182300703119  0.5144919436684614
0.4144695498495264  0.5257427687675732
0.4121252481101124  0.5339931019366383
0.25  0.25
0.33042183547926907  0.3333333333333333
0.3750842460404405  0.3853090359671963
0.39931614563430995  0.41933995042209177
0.4160242906123766  0.4436506596434013
0.4263880046262686  0.46071409644315064
0.43115388367961205  0.47570925194819125
0.4352044862137371  0.4925405067418346
0.4363781805295111  0.5044757487656871
0.43499090470204355  0.5115620402188895
