0.25  0.25
0.3266688703386026  0.3333333333333333
0.3633742783600303  0.3786549686662705
0.3870718265573369  0.41279556362699216
0.4040563378563761  0.43581280511354836
0.25  0.25
0.3514851923573253  0.3333333333333333
0.38654404538087184  0.37848557960777796
0.4080234274405483  0.41405153569508857
0.43064729509293215  0.4446698115978413
0.4407496636699288  0.4644358746543368
0.4463319463808488  0.47823073312113434
0.45053762516399243  0.48991780225357834
0.45319620436244806  0.4957438690070362
0.45337974534945646  0.5003989254874445
0.25  0.25
0.33043785912241225  0.3333333333333333
0.37262574150471967  0.38072739222481455
0.3939953952481788  0.41879318405262844
0.4113797284330753  0.4500225512173073
0.42269594007488126  0.4748212998821385
0.43009496574716205  0.49816366666472506
0.4338938232289866  0.5188324668234772
0.43442313037109825  0.5335803499568719
0.43211399362513575  0.5443699614689923
