0.0  0.0
0.338292476754015  0.0
0.5366018596787824  0.16331360946745557
0.6415891800507181  0.17497886728655954
0.7349112426035498  0.26830092983939124
0.7932375316990695  0.5132713440405745
0.8049027895181735  0.6999154691462378
0.8165680473372775  0.6999154691462378
0.8165680473372775  0.6999154691462378
0.8165680473372775  0.7582417582417577
0.0  0.0
0.4082840236686388  0.0
0.6299239222316141  0.1866441251056635
0.7349112426035498  0.1866441251056635
0.7582417582417577  0.24497041420118332
0.7582417582417577  0.45494505494505466
0.8049027895181735  0.5832628909551982
0.8049027895181735  0.6882502113271339
0.8049027895181735  0.7115807269653418
0.8049027895181735  0.7349112426035498
