0.25  0.25
0.3242886296651407  0.3333333333333333
0.3814702288147047  0.39279556527518233
0.41029742827236004  0.4246611620813584
0.42353807607638905  0.44923392250429633
0.43308049371679597  0.47732270153103945
0.4413121407359386  0.4997312595227947
0.4441357017617296  0.5162289662017671
0.4452106225462595  0.5301411208025582
0.44439337506490934  0.5412938116242629
0.25  0.25
0.3126565532277507  0.3333333333333333
0.35471291112992487  0.3989884842106798
0.38456482736089853  0.44853272104555353
0.40149416585423353  0.48319075126989713
0.4106805630741637  0.5113383425454828
0.4193147699898152  0.5311391184024915
0.4232927494408064  0.5465234531504665
0.42506652033400455  0.5581334609935046
0.42504607696782293  0.5668817897414695
