0.0  0.0
0.43161453930684673  0.0
0.5949281487743022  0.16331360946745557
0.6999154691462378  0.338292476754015
0.7582417582417577  0.338292476754015
0.7815722738799656  0.4666103127641586
0.7932375316990695  0.6299239222316141
0.7932375316990695  0.7232459847844458
0.7932375316990695  0.7582417582417577
0.8049027895181735  0.7699070160608616
0.0  0.0
0.3732882502113269  0.0
0.664919695688926  0.12831783601014368
0.7582417582417577  0.1516483516483516
0.7815722738799656  0.3966187658495348
0.8165680473372775  0.5832628909551982
0.8165680473372775  0.5949281487743022
0.8165680473372775  0.6182586644125101
0.8165680473372775  0.664919695688926
0.8165680473372775  0.7465765004226537
