0.0  0.0
0.2688311688311688  0.0
0.4380952380952377  0.15930735930735934
0.557575757575757  0.29870129870129863
0.6471861471861464  0.44805194805194765
0.6670995670995663  0.5077922077922074
0.6870129870129862  0.6073593073593067
0.696969696969696  0.6272727272727265
0.696969696969696  0.6571428571428564
0.696969696969696  0.6770562770562762
0.0  0.0
0.2190476190476191  0.0
0.44805194805194765  0.08961038961038963
0.5774891774891768  0.1692640692640693
0.5974025974025967  0.24891774891774893
0.6471861471861464  0.29870129870129863
0.6870129870129862  0.3484848484848483
0.6870129870129862  0.5774891774891768
0.696969696969696  0.6173160173160166
0.696969696969696  0.6670995670995663
