39 1 1 1 2 6 1 1 1 2 1 1 1 2 1 1 3 3 0 1 5 4 1 2 6 0 2 3 1 7 
86 2 3 2 4 7 2 2 2 0 3 3 0 3 3 2 7 5 0 3 0 7 2 0 11 3 3 4 0 20 
136 4 6 6 0 8 3 5 3 1 4 5 1 4 5 0 9 6 3 5 3 8 4 2 12 5 4 5 1 25 
183 0 8 8 1 9 6 9 4 2 5 7 6 5 9 2 10 7 4 6 4 0 5 3 13 6 7 9 2 31 
224 2 0 14 5 12 7 12 6 6 10 9 0 7 0 3 13 8 6 7 6 3 0 0 0 0 9 10 3 39 
263 3 2 16 7 13 11 0 0 8 13 11 0 8 1 5 16 9 9 0 8 4 3 4 1 1 13 12 4 51 
304 0 6 17 10 16 13 0 1 13 14 0 3 9 2 7 18 0 12 4 10 7 4 6 0 4 14 16 0 58 
347 4 9 0 11 19 0 3 5 15 16 0 4 10 3 10 0 5 14 6 11 9 8 7 3 5 0 18 0 64 
392 5 13 1 12 21 2 4 6 18 18 1 7 11 4 11 1 8 16 9 12 14 9 9 5 0 1 20 1 70 
435 7 14 2 14 22 0 6 9 21 20 0 10 17 7 12 4 10 17 10 13 18 10 10 0 1 4 0 0 79 
