0.0   0.0   0.0   0.0   0.0   0.0   
0.0   0.0   0.0   0.0   0.0   0.0   
0.16666666666666666   0.16666666666666666   0.16666666666666666   0.16666666666666666   0.0   0.0   
0.23333333333333334   0.23333333333333334   0.23333333333333334   0.23333333333333334   0.0   0.0   
0.03333333333333333   0.03333333333333333   0.03333333333333333   0.03333333333333333   0.0   0.0   
0.08333333333333333   0.08333333333333333   0.08333333333333333   0.08333333333333333   0.0   0.0   
-0.1888888888888889   -0.1888888888888889   -0.1888888888888889   -0.1888888888888889   0.0   0.0   
-0.06666666666666667   -0.06666666666666667   -0.06666666666666667   -0.06666666666666667   0.0   0.0   
-0.07111111111111121   -0.07111111111111121   -0.07111111111111121   -0.07111111111111121   0.0   0.0   
-0.08888888888888889   -0.08888888888888889   -0.08888888888888889   -0.08888888888888889   0.0   0.0   
