0.0   0.0   0.0   0.0   0.0   0.0   
0.0   0.0   0.0   0.0   0.002381073864355855   0.0023810738643571965   
0.35714285714285715   0.35714285714285715   0.35714285714285715   0.35714285714285715   9.626673024542989E-4   0.001047497425381809   
0.3142857142857143   0.3142857142857143   0.3142857142857143   0.3142857142857143   0.0013644272886638787   0.0014085139085486759   
0.04285714285714286   0.04285714285714286   0.04285714285714286   0.04285714285714286   0.0015944294000695355   0.0015549534068380472   
0.014285714285714285   0.014285714285714285   0.014285714285714285   0.014285714285714285   0.0017291764059267673   0.0016824810433553098   
-0.6523809523809525   -0.6523809523809525   -0.6523809523809525   -0.6523809523809525   0.0019411688834346222   0.0019123283218609728   
-0.32857142857142857   -0.32857142857142857   -0.32857142857142857   -0.32857142857142857   0.002206573325472432   0.0022484929230209734   
-0.6552380952380953   -0.6552380952380953   -0.6552380952380953   -0.6552380952380953   0.0022320726300354182   0.0022231379425928627   
-0.3000000000000001   -0.3000000000000001   -0.3000000000000001   -0.3000000000000001   0.0024381887312815344   0.0023936664086600277   
