0.0   0.0   0.0   0.0   0.0   0.0   
0.0   0.0   0.0   0.0   0.0   0.0   
0.26666666666666666   0.26666666666666666   0.26666666666666666   0.26666666666666666   0.0   0.0   
0.2833333333333333   0.2833333333333333   0.2833333333333333   0.2833333333333333   0.0   0.0   
-0.13333333333333333   -0.13333333333333333   -0.13333333333333333   -0.13333333333333333   0.0   0.0   
-0.016666666666666666   -0.016666666666666666   -0.016666666666666666   -0.016666666666666666   0.0   0.0   
-0.4111111111111111   -0.4111111111111111   -0.4111111111111111   -0.4111111111111111   0.0   0.0   
-0.275   -0.275   -0.275   -0.275   0.0   0.0   
-0.05555555555555554   -0.05555555555555554   -0.05555555555555554   -0.05555555555555554   0.0   0.0   
-0.2111111111111112   -0.2111111111111112   -0.2111111111111112   -0.2111111111111112   0.0   0.0   
