49 1 1 1 1 2 1 2 0 1 0 1 2 1 4 2 2 1 2 4 1 1 2 1 2 2 1 4 0 8 
94 3 2 4 3 5 4 0 3 2 0 2 5 0 6 3 5 3 3 0 3 3 0 2 5 3 2 6 1 19 
134 4 6 5 6 7 8 2 4 4 2 3 8 2 9 0 8 6 4 2 5 0 1 3 6 0 3 10 0 29 
177 0 0 7 11 9 10 5 0 6 3 0 9 4 10 0 9 7 0 6 0 2 0 6 12 6 5 0 1 39 
223 1 1 10 0 10 11 0 1 0 4 1 13 7 12 2 10 10 3 9 4 5 4 7 15 0 6 3 0 43 
266 5 2 0 1 12 12 1 6 3 6 0 0 9 16 4 12 12 6 12 7 8 5 8 0 1 0 5 0 51 
304 9 0 4 4 16 15 2 7 5 8 1 0 10 17 5 14 15 7 14 8 11 8 11 1 5 3 7 0 57 
348 11 0 7 0 20 18 4 8 0 9 0 4 12 19 9 15 16 8 15 10 12 12 0 4 8 6 9 0 63 
389 14 1 10 1 22 19 8 0 2 12 1 8 13 24 0 16 17 0 19 12 13 14 2 5 10 7 11 2 70 
439 17 4 14 2 23 0 12 3 3 14 0 10 15 26 0 17 21 1 23 0 0 0 4 6 11 10 12 0 74 
