54 1 1 3 1 2 0 0 1 1 4 1 1 0 2 2 2 4 0 1 1 0 2 2 2 0 2 0 2 8 
101 5 2 0 2 3 4 1 2 2 5 2 2 1 3 5 4 7 3 3 3 1 4 3 3 4 0 1 0 17 
147 7 6 4 0 6 6 4 0 4 0 3 0 5 6 6 6 9 4 5 0 5 0 4 6 5 1 0 0 25 
193 9 8 7 1 8 7 6 1 6 1 5 2 0 8 9 8 12 8 7 1 6 0 5 8 0 0 3 1 33 
242 0 10 11 3 0 10 10 2 7 4 7 0 1 11 13 9 13 10 10 2 9 0 0 12 1 0 0 0 38 
282 0 13 12 4 3 12 12 4 9 5 10 2 3 13 16 0 15 14 11 4 13 1 3 14 2 2 1 1 45 
324 1 15 14 7 4 0 0 0 10 9 14 5 6 15 19 2 17 15 0 6 15 3 4 18 3 4 2 3 52 
370 0 0 15 9 5 2 3 2 0 10 15 7 7 18 20 3 18 17 2 8 0 6 8 20 5 7 4 4 61 
406 2 5 16 10 7 3 6 0 2 13 19 9 8 19 21 4 19 18 5 12 3 7 12 23 11 9 6 0 65 
433 5 7 19 12 10 6 8 1 4 0 24 14 11 0 23 6 0 19 9 15 5 8 13 29 13 10 10 0 75 
