43 1 1 0 0 1 2 4 2 3 1 3 3 3 1 2 1 0 5 4 3 3 2 0 0 2 1 1 1 7 
78 4 3 4 1 3 4 5 4 5 3 5 5 4 0 7 3 2 6 6 6 4 4 3 2 3 4 0 0 19 
118 6 4 7 0 7 8 8 6 6 7 7 8 6 2 8 4 3 0 9 8 5 0 5 5 5 0 1 1 28 
163 7 0 8 3 10 11 0 7 0 9 8 9 11 5 9 0 6 1 11 9 8 1 10 8 8 1 4 0 32 
203 8 4 11 5 14 12 2 9 2 13 0 10 13 6 11 4 7 5 14 10 0 2 0 0 0 3 8 1 40 
240 0 5 13 6 17 14 4 12 4 16 3 11 15 7 12 5 8 8 18 0 0 5 3 4 4 5 9 3 48 
283 0 6 0 7 21 16 6 15 6 19 5 0 21 8 13 6 10 10 19 1 3 6 7 5 7 0 0 4 57 
333 0 7 3 10 24 0 8 16 9 20 0 0 23 9 17 7 13 14 20 0 5 8 8 6 0 0 4 0 64 
368 1 10 4 11 26 2 11 17 10 22 1 0 24 15 19 9 0 17 23 4 7 9 10 10 0 3 0 2 76 
414 3 0 0 12 29 5 12 18 11 25 5 0 25 18 21 0 3 19 25 7 9 13 0 11 1 4 2 3 83 
