0.0   0.0   0.0   0.0   0.0   0.0   
0.0   0.0   0.0   0.0   0.0   0.0   
0.23333333333333334   0.23333333333333334   0.23333333333333334   0.23333333333333334   0.0   0.0   
0.26666666666666666   0.26666666666666666   0.26666666666666666   0.26666666666666666   0.0   0.0   
-0.23333333333333334   -0.23333333333333334   -0.23333333333333334   -0.23333333333333334   0.0   0.0   
0.03333333333333333   0.03333333333333333   0.03333333333333333   0.03333333333333333   0.0   0.0   
-0.3222222222222223   -0.3222222222222223   -0.3222222222222223   -0.3222222222222223   0.0   0.0   
-0.2916666666666667   -0.2916666666666667   -0.2916666666666667   -0.2916666666666667   0.0   0.0   
-0.29777777777777786   -0.29777777777777786   -0.29777777777777786   -0.29777777777777786   0.0   0.0   
-0.40555555555555556   -0.40555555555555556   -0.40555555555555556   -0.40555555555555556   0.0   0.0   
