0.0   0.0   0.0   0.0   0.0   0.0   
0.0   0.0   0.0   0.0   0.0023810738643471967   0.0023810738643569563   
0.32857142857142857   0.32857142857142857   0.32857142857142857   0.32857142857142857   0.001066303592152544   9.05373332406354E-4   
0.35   0.35   0.35   0.35   0.0015142225330998793   0.00123605114177028   
-0.1   -0.1   -0.1   -0.1   0.001905848774905269   0.0018397478336414372   
0.02142857142857143   0.02142857142857143   0.02142857142857143   0.02142857142857143   0.0022597973690902527   0.002209086895054118   
-0.2809523809523807   -0.2809523809523807   -0.2809523809523807   -0.2809523809523807   0.002238630403869165   0.0023377300533355874   
-0.26785714285714285   -0.26785714285714285   -0.26785714285714285   -0.26785714285714285   0.0022045780212582074   0.002236951344903614   
-0.722857142857143   -0.722857142857143   -0.722857142857143   -0.722857142857143   0.0022687256471932695   0.002293580452464133   
-0.411904761904762   -0.411904761904762   -0.411904761904762   -0.411904761904762   0.0021087960035196763   0.002153384585560959   
