0.0   0.0   0.0   0.0   0.0   0.0   
0.0   0.0   0.0   0.0   0.0   0.0   
0.26666666666666666   0.26666666666666666   0.26666666666666666   0.26666666666666666   0.0   0.0   
0.21666666666666667   0.21666666666666667   0.21666666666666667   0.21666666666666667   0.0   0.0   
0.1   0.1   0.1   0.1   0.0   0.0   
0.13333333333333333   0.13333333333333333   0.13333333333333333   0.13333333333333333   0.0   0.0   
-0.11111111111111106   -0.11111111111111106   -0.11111111111111106   -0.11111111111111106   0.0   0.0   
-0.24166666666666667   -0.24166666666666667   -0.24166666666666667   -0.24166666666666667   0.0   0.0   
-0.18000000000000002   -0.18000000000000002   -0.18000000000000002   -0.18000000000000002   0.0   0.0   
-0.38888888888888895   -0.38888888888888895   -0.38888888888888895   -0.38888888888888895   0.0   0.0   
