0.0   0.0   0.0   0.0   0.0   0.0   
0.0   0.0   0.0   0.0   0.00238107386434793   0.0023810738643569814   
0.2   0.2   0.2   0.2   0.0010425592866446487   8.220848580617561E-4   
0.25   0.25   0.25   0.25   0.001605773705426312   0.001495361241435231   
0.014285714285714285   0.014285714285714285   0.014285714285714285   0.014285714285714285   0.001960667848029186   0.0018496813211083779   
0.04285714285714286   0.04285714285714286   0.04285714285714286   0.04285714285714286   0.002131070019712359   0.001980918814406176   
-0.28095238095238084   -0.28095238095238084   -0.28095238095238084   -0.28095238095238084   0.0018657146058038722   0.001943234450164257   
-0.21428571428571427   -0.21428571428571427   -0.21428571428571427   -0.21428571428571427   0.002026512240222697   0.002107628305544746   
-0.6495238095238096   -0.6495238095238096   -0.6495238095238096   -0.6495238095238096   0.001963508800385456   0.0021698824686118266   
-0.42857142857142877   -0.42857142857142877   -0.42857142857142877   -0.42857142857142877   0.0020270533369343246   0.0023614485458838073   
