0.0   0.0   0.0   0.0   0.0   0.0   
0.0   0.0   0.0   0.0   0.0023810738643510305   0.0023810738643573314   
0.24285714285714285   0.24285714285714285   0.24285714285714285   0.24285714285714285   9.81403059359518E-4   8.723839000106016E-4   
0.35   0.35   0.35   0.35   0.001500397986938924   0.0015739936611492342   
0.014285714285714285   0.014285714285714285   0.014285714285714285   0.014285714285714285   0.0017637962970759513   0.001742145018846367   
0.08571428571428572   0.08571428571428572   0.08571428571428572   0.08571428571428572   0.0019369055924123408   0.001826433259683634   
-0.33333333333333337   -0.33333333333333337   -0.33333333333333337   -0.33333333333333337   0.0021381110680181864   0.0020555498293359504   
-0.15357142857142858   -0.15357142857142858   -0.15357142857142858   -0.15357142857142858   0.002231179450922822   0.0021138561204390037   
-1.020952380952382   -1.020952380952382   -1.020952380952382   -1.020952380952382   0.0021867279784673495   0.0020637145958551663   
-0.5285714285714286   -0.5285714285714286   -0.5285714285714286   -0.5285714285714286   0.002374721997526821   0.002407019701641713   
