42 1 4 0 2 0 2 1 2 2 1 1 2 4 3 3 0 1 1 1 3 1 0 4 0 3 1 4 0 11 
90 0 6 3 0 1 3 3 5 4 2 0 3 5 7 5 1 3 2 2 5 3 0 6 1 7 3 6 0 20 
134 1 11 4 2 2 4 4 8 0 5 1 4 7 10 7 3 4 4 3 6 6 4 7 2 11 5 8 0 25 
181 4 0 6 3 4 5 5 9 0 6 2 5 9 11 9 8 7 10 4 0 7 0 0 5 12 9 11 0 32 
233 6 3 7 5 7 7 0 11 1 0 0 6 10 0 11 9 10 14 9 2 8 1 2 7 0 11 0 1 36 
281 7 5 8 9 10 0 2 0 4 3 1 8 13 4 12 12 11 0 10 0 0 4 3 10 1 14 1 2 40 
315 8 11 9 11 11 0 3 1 5 6 2 0 14 5 15 17 15 1 15 2 3 5 6 12 3 16 4 0 50 
363 9 12 0 12 0 1 5 2 8 8 4 1 0 8 0 19 17 3 16 5 5 0 7 18 0 18 5 0 62 
408 10 14 1 15 0 4 8 6 10 11 8 4 2 9 0 0 19 6 0 9 0 1 11 0 1 20 9 0 64 
447 11 0 3 17 1 6 10 0 13 13 9 5 6 12 1 3 22 8 1 12 1 2 13 1 4 26 10 0 73 
