0.0   0.0   0.0   0.0   0.0   0.0   
0.0   0.0   0.0   0.0   0.0   0.0   
0.26666666666666666   0.26666666666666666   0.26666666666666666   0.26666666666666666   0.0   0.0   
0.26666666666666666   0.26666666666666666   0.26666666666666666   0.26666666666666666   0.0   0.0   
-0.43333333333333335   -0.43333333333333335   -0.43333333333333335   -0.43333333333333335   0.0   0.0   
-0.06666666666666667   -0.06666666666666667   -0.06666666666666667   -0.06666666666666667   0.0   0.0   
-0.43333333333333346   -0.43333333333333346   -0.43333333333333346   -0.43333333333333346   0.0   0.0   
-0.4   -0.4   -0.4   -0.4   0.0   0.0   
-1.0488888888888888   -1.0488888888888888   -1.0488888888888888   -1.0488888888888888   0.0   0.0   
-0.41666666666666663   -0.41666666666666663   -0.41666666666666663   -0.41666666666666663   0.0   0.0   
