40 4 1 0 0 1 3 2 3 3 0 0 4 4 2 3 0 2 1 1 0 3 3 1 2 5 0 4 0 8 
85 7 2 1 3 2 4 5 6 5 0 0 8 5 5 6 2 3 0 0 3 5 6 2 4 9 1 5 0 14 
129 8 3 2 5 3 5 0 10 7 2 5 0 9 6 0 3 0 1 2 5 6 0 4 5 12 4 8 3 23 
167 9 5 6 0 6 0 2 14 9 0 0 1 12 7 5 4 1 5 5 8 12 2 5 6 13 5 10 4 30 
209 11 6 12 2 0 2 3 18 11 2 3 4 13 8 6 5 2 9 0 9 14 4 6 7 15 9 11 5 36 
258 12 0 13 3 1 3 6 20 14 5 6 5 14 10 0 7 4 11 3 12 15 5 0 10 16 10 12 6 43 
297 13 2 15 7 3 4 9 22 16 9 8 7 15 0 4 8 6 13 4 15 16 6 3 12 0 12 0 0 54 
334 17 4 17 10 4 6 11 24 19 12 0 8 18 2 6 12 0 15 0 16 18 7 4 13 3 15 2 0 65 
375 21 6 19 11 6 7 13 29 0 0 2 12 20 0 7 13 2 23 2 17 21 9 5 15 5 17 3 0 69 
406 23 7 22 16 7 8 15 30 2 1 6 14 22 2 0 15 5 25 5 18 22 13 6 17 6 22 8 1 78 
