37 5 1 3 2 2 4 2 3 0 4 2 2 1 3 3 2 4 3 0 0 1 2 1 1 4 2 0 1 5 
76 0 2 7 0 3 6 3 5 1 5 3 5 3 4 6 9 5 0 5 1 5 0 3 2 8 3 2 0 15 
118 2 3 8 1 6 8 7 8 0 0 5 6 6 5 8 12 8 3 7 2 0 3 6 4 9 6 3 0 22 
153 4 5 9 4 10 9 9 10 2 1 6 7 9 7 10 0 11 5 0 4 2 5 7 10 12 0 4 2 34 
192 6 7 11 5 12 0 11 11 3 3 12 9 0 10 12 1 12 8 2 8 3 6 8 13 15 6 5 0 40 
231 9 9 14 8 13 4 0 0 4 6 0 11 3 12 17 2 13 9 5 9 4 8 9 14 18 7 8 2 48 
278 13 0 16 11 16 5 3 1 6 8 2 12 4 14 19 0 14 11 6 12 5 0 10 17 19 8 11 0 55 
319 15 1 17 13 18 7 6 2 8 13 4 14 7 15 23 2 17 13 8 15 6 0 11 19 20 0 14 1 60 
357 17 4 18 19 20 8 8 4 0 15 0 17 8 16 26 3 0 16 11 0 9 3 0 22 24 0 19 2 67 
396 19 5 20 22 21 11 10 0 0 18 0 20 11 22 27 7 2 0 14 4 14 5 1 0 28 1 21 0 70 
