0.0   0.0   0.0   0.0   0.0   0.0   
0.0   0.0   0.0   0.0   0.0   0.0   
0.3   0.3   0.3   0.3   0.0   0.0   
0.25   0.25   0.25   0.25   0.0   0.0   
0.16666666666666666   0.16666666666666666   0.16666666666666666   0.16666666666666666   0.0   0.0   
0.1   0.1   0.1   0.1   0.0   0.0   
-0.08888888888888896   -0.08888888888888896   -0.08888888888888896   -0.08888888888888896   0.0   0.0   
-0.15833333333333333   -0.15833333333333333   -0.15833333333333333   -0.15833333333333333   0.0   0.0   
-0.30444444444444435   -0.30444444444444435   -0.30444444444444435   -0.30444444444444435   0.0   0.0   
-0.3722222222222221   -0.3722222222222221   -0.3722222222222221   -0.3722222222222221   0.0   0.0   
