0.0   0.0   0.0   0.0   0.0   0.0   
0.0   0.0   0.0   0.0   0.0023810738643552615   0.002381073864357788   
0.35714285714285715   0.35714285714285715   0.35714285714285715   0.35714285714285715   9.97413981520353E-4   7.890602117332287E-4   
0.34285714285714286   0.34285714285714286   0.34285714285714286   0.34285714285714286   0.00153147488499361   0.0012599384492489828   
0.11428571428571428   0.11428571428571428   0.11428571428571428   0.11428571428571428   0.0017336710851912015   0.0015645694565598368   
0.12857142857142856   0.12857142857142856   0.12857142857142856   0.12857142857142856   0.0019535345519205724   0.001969485299173206   
-0.14761904761904765   -0.14761904761904765   -0.14761904761904765   -0.14761904761904765   0.0020614466854734083   0.002155321835219177   
-0.11071428571428571   -0.11071428571428571   -0.11071428571428571   -0.11071428571428571   0.0021529112069417094   0.002312292621510572   
-0.6380952380952382   -0.6380952380952382   -0.6380952380952382   -0.6380952380952382   0.002099798903712801   0.0022501292837087015   
-0.43333333333333335   -0.43333333333333335   -0.43333333333333335   -0.43333333333333335   0.0021418919715003536   0.002321733686162851   
