45 2 3 2 2 1 2 1 2 1 2 3 2 1 2 1 2 5 1 1 2 4 1 1 1 2 0 0 1 7 
86 3 5 3 3 0 5 3 3 0 4 4 4 4 3 2 4 8 2 3 6 6 2 4 6 6 1 1 0 16 
131 4 6 7 7 0 10 5 5 0 6 0 6 0 4 3 7 12 0 5 9 0 3 6 9 8 2 0 0 25 
175 6 7 12 0 3 0 6 10 1 7 1 8 4 6 4 9 14 0 7 11 0 0 8 11 11 6 0 0 33 
215 7 8 13 3 4 1 8 12 5 9 2 11 6 7 5 13 18 0 9 0 1 1 12 13 13 8 4 0 41 
256 0 0 15 4 6 7 10 14 6 11 3 13 7 9 0 15 19 2 13 3 4 3 13 14 15 12 7 0 48 
304 3 1 18 5 7 10 12 15 0 14 0 0 8 12 1 18 21 4 14 5 5 5 15 0 17 0 9 0 58 
347 6 3 19 7 9 12 0 0 1 0 2 0 9 0 3 0 23 13 15 6 0 9 16 3 18 1 12 3 68 
381 7 0 21 9 10 14 5 1 3 3 0 1 12 2 7 4 26 0 16 9 1 12 17 6 20 5 16 0 76 
424 11 2 25 10 13 0 7 4 5 8 4 2 0 4 10 5 28 2 18 0 2 15 18 0 22 6 17 1 80 
