38 4 1 3 2 3 0 0 2 2 4 1 1 0 2 3 3 3 2 1 3 3 1 3 1 1 3 4 0 6 
78 6 0 4 0 5 2 1 6 3 0 2 5 1 3 7 0 4 4 4 4 5 3 6 5 6 4 5 0 17 
116 7 4 5 2 0 0 3 7 0 3 4 6 5 4 8 0 7 7 5 6 7 0 8 9 9 6 7 2 30 
166 8 5 6 4 0 2 0 9 0 5 0 8 6 5 11 1 8 8 6 8 0 2 0 11 13 15 9 0 37 
213 9 6 8 6 0 3 3 11 1 6 3 10 8 7 13 4 9 9 8 10 1 0 0 0 15 17 13 2 45 
262 12 7 10 7 1 0 9 14 0 7 4 11 0 8 16 8 12 10 9 0 3 1 1 1 19 18 0 0 53 
305 13 10 12 12 4 2 11 0 1 10 5 13 0 12 18 0 13 13 12 1 7 0 2 4 21 19 1 0 59 
355 14 13 13 13 0 0 13 0 2 16 0 15 1 14 22 2 15 14 14 2 8 0 3 8 0 21 2 0 68 
409 16 15 14 14 2 1 14 1 4 17 1 0 0 17 24 3 16 18 17 3 9 0 0 11 2 22 0 2 75 
452 17 18 0 18 0 4 19 3 5 19 2 2 0 18 26 8 19 20 18 7 11 0 2 12 3 25 0 0 81 
