45 3 2 0 4 0 2 1 1 0 0 2 0 2 1 2 4 1 1 1 4 2 1 4 1 3 1 1 0 11 
90 6 3 2 6 2 0 3 4 0 2 4 1 0 5 3 8 3 2 8 5 3 2 7 3 4 2 0 1 16 
138 7 5 3 0 6 0 7 5 0 3 0 2 2 0 5 10 5 5 9 6 5 4 9 6 0 3 1 2 28 
183 8 7 7 2 8 1 10 6 1 5 1 5 3 3 8 0 7 9 0 0 7 0 11 7 3 5 2 0 36 
223 9 9 9 5 9 0 11 7 3 6 5 8 6 6 9 1 8 13 2 1 10 3 16 9 4 6 0 1 43 
262 0 11 14 8 10 0 13 10 4 11 7 9 9 7 11 2 9 14 4 3 14 4 17 14 9 8 1 2 46 
309 2 12 16 9 11 2 0 0 7 15 8 11 0 12 13 6 12 15 5 0 17 0 19 16 0 10 2 4 52 
358 4 13 18 10 13 3 0 4 8 17 0 12 3 15 14 0 15 17 8 2 18 2 20 18 2 0 0 5 60 
403 5 14 0 11 17 4 2 8 11 19 2 15 0 16 0 2 16 19 10 5 21 3 21 21 3 1 1 0 69 
444 0 16 1 14 18 6 5 11 12 22 3 16 2 18 2 4 18 0 13 6 23 6 23 22 4 3 5 1 77 
