0.0   0.0   0.0   0.0   0.0   0.0   
0.0   0.0   0.0   0.0   0.002381073864351058   0.0023810738643570903   
0.2857142857142857   0.2857142857142857   0.2857142857142857   0.2857142857142857   9.313066003033207E-4   8.605758969051873E-4   
0.2857142857142857   0.2857142857142857   0.2857142857142857   0.2857142857142857   0.0012909035008662818   0.0014382309588613822   
-0.05714285714285714   -0.05714285714285714   -0.05714285714285714   -0.05714285714285714   0.0016960903716848877   0.001720544869264277   
-0.05   -0.05   -0.05   -0.05   0.0018688824312444337   0.001788904030624662   
-0.5523809523809524   -0.5523809523809524   -0.5523809523809524   -0.5523809523809524   0.002116168706845897   0.0021169157774606285   
-0.2357142857142857   -0.2357142857142857   -0.2357142857142857   -0.2357142857142857   0.0022378064058638453   0.0022410506800278744   
-1.1885714285714295   -1.1885714285714295   -1.1885714285714295   -1.1885714285714295   0.0024328762652435854   0.0024246953130983187   
-0.523809523809524   -0.523809523809524   -0.523809523809524   -0.523809523809524   0.002628643492339093   0.0025711514552477837   
