0.0   0.0   0.0   0.0   0.0   0.0   
0.0   0.0   0.0   0.0   0.002381073864349626   0.002381073864358558   
0.21428571428571427   0.21428571428571427   0.21428571428571427   0.21428571428571427   9.92384253083572E-4   8.429123889624948E-4   
0.3   0.3   0.3   0.3   0.0015921584998257157   0.0016377663858886183   
0.14285714285714285   0.14285714285714285   0.14285714285714285   0.14285714285714285   0.0015184674443388425   0.001473902486902581   
0.11428571428571428   0.11428571428571428   0.11428571428571428   0.11428571428571428   0.0021116008722161087   0.001981888270942758   
-0.119047619047619   -0.119047619047619   -0.119047619047619   -0.119047619047619   0.00221661844934756   0.0020962131866001585   
-0.07142857142857142   -0.07142857142857142   -0.07142857142857142   -0.07142857142857142   0.002440870229321   0.002417855064731056   
-0.696190476190476   -0.696190476190476   -0.696190476190476   -0.696190476190476   0.00238331353664194   0.002473678062226584   
-0.18333333333333324   -0.18333333333333324   -0.18333333333333324   -0.18333333333333324   0.0024897134852519148   0.0026429851416337156   
