0.0   0.0   0.0   0.0   0.0   0.0   
0.0   0.0   0.0   0.0   0.002381073864356401   0.0023810738643562203   
0.32857142857142857   0.32857142857142857   0.32857142857142857   0.32857142857142857   0.0010168161489250423   8.844272964149161E-4   
0.36428571428571427   0.36428571428571427   0.36428571428571427   0.36428571428571427   0.0012547899984219771   0.0013650696559113083   
0.05714285714285714   0.05714285714285714   0.05714285714285714   0.05714285714285714   0.0017462312273557022   0.0018741514531468463   
0.12857142857142856   0.12857142857142856   0.12857142857142856   0.12857142857142856   0.0017632968868700482   0.0019377106349161499   
-0.2333333333333333   -0.2333333333333333   -0.2333333333333333   -0.2333333333333333   0.002022296774716825   0.0021099123652479988   
-0.13214285714285715   -0.13214285714285715   -0.13214285714285715   -0.13214285714285715   0.0023323771054181114   0.002394162960221056   
-0.2723809523809524   -0.2723809523809524   -0.2723809523809524   -0.2723809523809524   0.002399685500348098   0.002477647986517665   
-0.36190476190476195   -0.36190476190476195   -0.36190476190476195   -0.36190476190476195   0.0026317603598889094   0.002638610050044173   
