0.0   0.0   0.0   0.0   0.0   0.0   
0.0   0.0   0.0   0.0   0.0   0.0   
0.3333333333333333   0.3333333333333333   0.3333333333333333   0.3333333333333333   0.0   0.0   
0.26666666666666666   0.26666666666666666   0.26666666666666666   0.26666666666666666   0.0   0.0   
0.06666666666666667   0.06666666666666667   0.06666666666666667   0.06666666666666667   0.0   0.0   
-0.03333333333333333   -0.03333333333333333   -0.03333333333333333   -0.03333333333333333   0.0   0.0   
-0.32222222222222224   -0.32222222222222224   -0.32222222222222224   -0.32222222222222224   0.0   0.0   
-0.275   -0.275   -0.275   -0.275   0.0   0.0   
-0.8155555555555556   -0.8155555555555556   -0.8155555555555556   -0.8155555555555556   0.0   0.0   
-0.3722222222222223   -0.3722222222222223   -0.3722222222222223   -0.3722222222222223   0.0   0.0   
