0.0   0.0   0.0   0.0   0.0   0.0   
0.0   0.0   0.0   0.0   0.002381073864354222   0.002381073864357021   
0.3142857142857143   0.3142857142857143   0.3142857142857143   0.3142857142857143   9.090239334461445E-4   7.77875003833679E-4   
0.35714285714285715   0.35714285714285715   0.35714285714285715   0.35714285714285715   0.0015409788560219163   0.001494713314929999   
-0.18571428571428572   -0.18571428571428572   -0.18571428571428572   -0.18571428571428572   0.0014931547724619135   0.0017124492473498509   
-0.03571428571428571   -0.03571428571428571   -0.03571428571428571   -0.03571428571428571   0.0018628690501294497   0.001917971832445479   
-0.5761904761904761   -0.5761904761904761   -0.5761904761904761   -0.5761904761904761   0.00211290156353471   0.00221611782854016   
-0.24285714285714285   -0.24285714285714285   -0.24285714285714285   -0.24285714285714285   0.0024261586813447288   0.002492418370394806   
-0.8638095238095236   -0.8638095238095236   -0.8638095238095236   -0.8638095238095236   0.0025672124289786097   0.002641368853114618   
-0.4   -0.4   -0.4   -0.4   0.0026463743542555927   0.0026009164684957843   
