45 2 0 3 3 2 2 2 3 4 0 0 2 0 1 1 1 2 1 1 4 3 2 2 2 2 1 0 0 9 
82 6 1 5 5 4 4 0 4 7 2 1 5 2 2 4 4 5 4 2 9 6 4 0 0 5 3 0 0 18 
118 7 0 6 9 5 8 1 5 14 3 4 6 6 3 5 5 0 7 4 13 8 6 1 3 6 6 1 0 28 
157 9 1 0 10 7 9 4 0 16 4 7 0 9 8 0 7 2 10 8 15 9 8 5 5 9 8 3 1 35 
198 0 3 1 11 10 11 10 2 19 6 8 0 13 9 4 10 0 0 11 17 10 0 8 9 10 10 0 0 43 
247 0 4 0 13 11 12 12 6 21 7 11 0 15 11 5 12 0 2 13 20 14 0 9 13 0 0 0 0 54 
285 1 0 1 15 12 0 14 9 22 9 17 4 0 12 10 15 3 0 14 0 16 1 10 17 7 3 5 1 56 
313 3 3 4 17 13 3 18 15 23 12 18 6 1 14 11 19 4 0 15 6 19 2 12 19 8 6 8 2 65 
355 5 6 5 19 15 0 19 16 25 15 19 8 4 15 13 20 5 1 18 11 22 3 14 22 9 8 10 0 72 
397 6 8 8 21 19 1 20 17 29 16 21 10 6 17 16 21 7 2 20 14 25 5 0 24 0 10 0 0 81 
