0.0   0.0   0.0   0.0   0.0   0.0   
0.0   0.0   0.0   0.0   0.0   0.0   
0.23333333333333334   0.23333333333333334   0.23333333333333334   0.23333333333333334   0.0   0.0   
0.3   0.3   0.3   0.3   0.0   0.0   
-0.03333333333333333   -0.03333333333333333   -0.03333333333333333   -0.03333333333333333   0.0   0.0   
0.03333333333333333   0.03333333333333333   0.03333333333333333   0.03333333333333333   0.0   0.0   
0.15555555555555559   0.15555555555555559   0.15555555555555559   0.15555555555555559   0.0   0.0   
0.025   0.025   0.025   0.025   0.0   0.0   
-0.3111111111111111   -0.3111111111111111   -0.3111111111111111   -0.3111111111111111   0.0   0.0   
-0.2777777777777778   -0.2777777777777778   -0.2777777777777778   -0.2777777777777778   0.0   0.0   
