0.0   0.0   0.0   0.0   0.0   0.0   
0.0   0.0   0.0   0.0   0.0   0.0   
0.26666666666666666   0.26666666666666666   0.26666666666666666   0.26666666666666666   0.0   0.0   
0.3333333333333333   0.3333333333333333   0.3333333333333333   0.3333333333333333   0.0   0.0   
-0.13333333333333333   -0.13333333333333333   -0.13333333333333333   -0.13333333333333333   0.0   0.0   
-0.16666666666666666   -0.16666666666666666   -0.16666666666666666   -0.16666666666666666   0.0   0.0   
-0.16666666666666669   -0.16666666666666669   -0.16666666666666669   -0.16666666666666669   0.0   0.0   
-0.15833333333333333   -0.15833333333333333   -0.15833333333333333   -0.15833333333333333   0.0   0.0   
-0.7488888888888888   -0.7488888888888888   -0.7488888888888888   -0.7488888888888888   0.0   0.0   
-0.4722222222222222   -0.4722222222222222   -0.4722222222222222   -0.4722222222222222   0.0   0.0   
