42 1 4 0 1 2 2 2 0 1 6 1 1 3 1 1 2 2 1 1 2 4 2 3 2 1 1 3 1 7 
84 5 8 5 4 3 3 5 1 2 8 3 0 0 0 2 3 3 2 2 9 5 4 5 4 3 6 5 0 10 
124 6 12 7 7 5 4 6 3 4 10 0 1 2 3 4 5 5 3 4 10 8 6 8 0 5 7 8 0 20 
174 7 14 9 0 0 0 7 0 7 12 6 3 0 4 5 6 0 0 5 13 10 10 9 0 9 9 0 0 31 
224 11 15 11 1 1 0 9 1 8 0 8 5 2 5 7 9 1 0 8 14 12 12 11 1 0 10 1 3 39 
265 14 19 13 7 2 1 12 2 9 3 11 6 4 0 0 12 2 2 9 15 13 14 14 2 0 13 5 0 45 
299 16 23 14 0 3 4 15 0 10 4 13 9 6 4 1 14 3 8 0 17 17 16 17 4 0 15 10 0 54 
345 17 24 15 2 0 6 16 1 12 6 14 10 0 6 3 15 6 11 1 19 20 18 20 5 2 19 11 1 62 
384 20 28 17 0 0 8 22 4 14 8 17 14 2 10 0 17 8 0 4 20 21 20 0 0 5 20 13 0 69 
421 25 30 19 2 2 0 25 5 17 9 22 15 3 11 4 21 12 1 0 22 22 21 2 0 0 22 16 1 78 
