0.0   0.0   0.0   0.0   0.0   0.0   
0.0   0.0   0.0   0.0   0.0023810738581481906   0.002381073858159188   
0.32857142857142857   0.32857142857142857   0.32857142857142857   0.32857142857142857   0.0010433257921314335   8.923908324430563E-4   
0.3357142857142857   0.3357142857142857   0.3357142857142857   0.3357142857142857   0.0014711963888916432   0.0014250351721990752   
0.05714285714285714   0.05714285714285714   0.05714285714285714   0.05714285714285714   0.0014536469351867924   0.0014353065158329355   
0.014285714285714285   0.014285714285714285   0.014285714285714285   0.014285714285714285   0.0015886806040446267   0.0015914477203493687   
-0.1857142857142857   -0.1857142857142857   -0.1857142857142857   -0.1857142857142857   0.0017186635158420486   0.0016910293443457916   
-0.09642857142857143   -0.09642857142857143   -0.09642857142857143   -0.09642857142857143   0.002062868695966722   0.0020371111165227375   
-0.38285714285714284   -0.38285714285714284   -0.38285714285714284   -0.38285714285714284   0.002306591974468168   0.0022489645613204307   
-0.33095238095238094   -0.33095238095238094   -0.33095238095238094   -0.33095238095238094   0.0022683793514591483   0.0023467455285956125   
