0.0   0.0   0.0   0.0   0.0   0.0   
0.0   0.0   0.0   0.0   0.0   0.0   
0.36666666666666664   0.36666666666666664   0.36666666666666664   0.36666666666666664   0.0   0.0   
0.3333333333333333   0.3333333333333333   0.3333333333333333   0.3333333333333333   0.0   0.0   
-0.1   -0.1   -0.1   -0.1   0.0   0.0   
0.11666666666666667   0.11666666666666667   0.11666666666666667   0.11666666666666667   0.0   0.0   
-0.31111111111111117   -0.31111111111111117   -0.31111111111111117   -0.31111111111111117   0.0   0.0   
-0.31666666666666665   -0.31666666666666665   -0.31666666666666665   -0.31666666666666665   0.0   0.0   
-0.4111111111111109   -0.4111111111111109   -0.4111111111111109   -0.4111111111111109   0.0   0.0   
-0.3499999999999999   -0.3499999999999999   -0.3499999999999999   -0.3499999999999999   0.0   0.0   
