41 1 1 1 4 3 3 2 2 1 4 3 0 3 4 1 1 3 3 1 1 1 2 0 4 3 1 2 0 4 
74 3 3 2 0 5 4 0 3 4 7 5 0 6 7 3 4 8 6 4 3 0 4 2 8 7 5 3 1 12 
116 5 5 3 1 7 7 2 5 0 9 7 1 0 9 5 5 10 10 0 9 2 8 6 9 12 6 0 0 16 
162 0 0 5 4 11 0 6 6 2 0 10 2 3 0 7 6 11 12 1 10 4 10 0 11 18 8 1 1 23 
206 4 1 8 5 15 2 0 9 4 0 12 0 5 2 8 7 12 0 4 11 6 12 2 0 22 9 3 0 33 
246 0 3 10 8 19 3 1 12 5 5 13 1 6 6 9 10 14 1 8 14 8 13 3 0 24 11 4 0 41 
288 1 5 11 9 20 0 0 15 6 7 14 0 8 9 10 11 16 2 11 17 11 15 4 0 28 16 5 0 54 
337 2 6 12 10 22 3 2 17 7 10 15 3 10 10 14 14 17 0 12 18 12 17 7 1 29 19 6 1 58 
375 0 7 14 12 25 5 6 23 9 12 16 5 12 13 16 16 19 1 13 0 13 18 9 4 30 21 9 0 67 
415 2 0 17 17 27 7 7 24 12 14 19 6 17 14 19 19 21 3 16 3 0 0 11 5 0 0 10 1 75 
