0.0   0.0   0.0   0.0   0.0   0.0   
0.0   0.0   0.0   0.0   0.0023809523809871385   0.00238095238099704   
0.2857142857142857   0.2857142857142857   0.2857142857142857   0.2857142857142857   0.00107509320749838   7.768178499896434E-4   
0.29285714285714287   0.29285714285714287   0.29285714285714287   0.29285714285714287   0.001626257630249799   0.0014071089555088908   
-0.2571428571428571   -0.2571428571428571   -0.2571428571428571   -0.2571428571428571   0.0020446984805178713   0.0020195605635758944   
-0.04285714285714286   -0.04285714285714286   -0.04285714285714286   -0.04285714285714286   0.0018368748096423435   0.001732359777023598   
-0.4761904761904761   -0.4761904761904761   -0.4761904761904761   -0.4761904761904761   0.002171152791232761   0.0021351972826393222   
-0.20357142857142857   -0.20357142857142857   -0.20357142857142857   -0.20357142857142857   0.0020045199356949883   0.0021078696300680898   
-0.6933333333333334   -0.6933333333333334   -0.6933333333333334   -0.6933333333333334   0.0020720391336357417   0.0021296871244818106   
-0.4404761904761905   -0.4404761904761905   -0.4404761904761905   -0.4404761904761905   0.0021567608350148678   0.0022515561062562243   
