0.0   0.0   0.0   0.0   0.0   0.0   
0.0   0.0   0.0   0.0   0.0   0.0   
0.26666666666666666   0.26666666666666666   0.26666666666666666   0.26666666666666666   0.0   0.0   
0.35   0.35   0.35   0.35   0.0   0.0   
0.06666666666666667   0.06666666666666667   0.06666666666666667   0.06666666666666667   0.0   0.0   
-0.03333333333333333   -0.03333333333333333   -0.03333333333333333   -0.03333333333333333   0.0   0.0   
-0.2222222222222222   -0.2222222222222222   -0.2222222222222222   -0.2222222222222222   0.0   0.0   
-0.24166666666666667   -0.24166666666666667   -0.24166666666666667   -0.24166666666666667   0.0   0.0   
-0.5311111111111111   -0.5311111111111111   -0.5311111111111111   -0.5311111111111111   0.0   0.0   
-0.34999999999999987   -0.34999999999999987   -0.34999999999999987   -0.34999999999999987   0.0   0.0   
