37 2 1 0 4 4 0 1 2 2 1 4 3 3 2 4 3 2 3 1 2 1 1 2 2 4 3 1 0 5 
75 3 3 1 6 6 3 3 6 0 3 9 6 5 3 5 5 3 4 0 0 5 0 5 3 8 5 3 0 16 
120 6 4 4 7 8 0 0 9 0 5 11 7 8 5 8 0 5 6 3 1 8 3 6 7 0 6 0 0 25 
167 7 6 5 10 0 2 0 10 2 9 0 8 11 6 11 1 6 7 5 3 0 7 11 10 1 9 0 0 31 
211 0 9 7 11 2 0 0 12 0 10 1 10 13 0 12 3 9 11 9 4 3 0 12 13 2 12 1 0 44 
256 1 0 8 14 0 2 3 0 1 11 2 11 15 3 15 6 11 12 10 6 0 2 15 16 4 0 6 0 53 
298 3 1 9 17 2 3 6 2 0 13 3 0 19 7 16 8 13 0 12 7 3 6 17 18 5 3 8 1 59 
337 5 0 0 18 5 4 0 0 2 14 4 5 0 10 0 10 17 3 14 8 8 9 18 21 7 8 10 2 67 
377 6 1 1 19 0 6 0 5 5 16 0 0 1 13 5 13 22 6 0 9 10 13 19 0 8 11 13 3 75 
415 10 0 0 21 3 8 1 8 8 19 1 2 3 14 8 14 23 9 2 11 0 0 23 3 9 13 14 0 87 
