0.0   0.0   0.0   0.0   0.0   0.0   
0.0   0.0   0.0   0.0   0.0   0.0   
0.3333333333333333   0.3333333333333333   0.3333333333333333   0.3333333333333333   0.0   0.0   
0.2833333333333333   0.2833333333333333   0.2833333333333333   0.2833333333333333   0.0   0.0   
-0.43333333333333335   -0.43333333333333335   -0.43333333333333335   -0.43333333333333335   0.0   0.0   
0.0   0.0   0.0   0.0   0.0   0.0   
-0.4333333333333334   -0.4333333333333334   -0.4333333333333334   -0.4333333333333334   0.0   0.0   
-0.31666666666666665   -0.31666666666666665   -0.31666666666666665   -0.31666666666666665   0.0   0.0   
-0.8800000000000001   -0.8800000000000001   -0.8800000000000001   -0.8800000000000001   0.0   0.0   
-0.4999999999999999   -0.4999999999999999   -0.4999999999999999   -0.4999999999999999   0.0   0.0   
