0.0   0.0   0.0   0.0   0.0   0.0   
0.0   0.0   0.0   0.0   0.0   0.0   
0.36666666666666664   0.36666666666666664   0.36666666666666664   0.36666666666666664   0.0   0.0   
0.3   0.3   0.3   0.3   0.0   0.0   
0.1   0.1   0.1   0.1   0.0   0.0   
0.08333333333333333   0.08333333333333333   0.08333333333333333   0.08333333333333333   0.0   0.0   
-0.9888888888888886   -0.9888888888888886   -0.9888888888888886   -0.9888888888888886   0.0   0.0   
-0.25   -0.25   -0.25   -0.25   0.0   0.0   
-0.7955555555555556   -0.7955555555555556   -0.7955555555555556   -0.7955555555555556   0.0   0.0   
-0.47777777777777775   -0.47777777777777775   -0.47777777777777775   -0.47777777777777775   0.0   0.0   
