36 4 3 4 5 3 0 5 0 2 2 2 1 1 2 2 4 2 1 2 2 1 0 1 2 0 4 4 0 5 
83 0 0 5 0 7 3 6 2 3 3 4 4 3 5 5 5 3 2 3 0 5 1 2 6 2 7 7 1 9 
126 2 4 0 0 0 4 8 5 6 4 6 6 0 10 6 6 0 0 6 2 8 2 3 9 5 10 9 0 18 
168 6 0 2 2 5 8 0 7 0 5 8 7 2 14 7 9 1 2 7 5 9 3 0 12 9 12 11 2 21 
205 9 1 4 7 7 13 0 9 1 9 10 8 4 0 9 12 2 5 10 7 11 4 2 14 13 0 14 0 26 
246 12 6 6 8 9 14 1 0 2 0 13 0 6 1 13 13 4 8 12 8 14 5 6 16 16 2 17 0 32 
288 17 7 0 9 14 15 3 3 4 2 16 1 8 3 15 15 5 0 13 9 15 9 0 18 0 4 22 0 39 
327 19 9 2 10 15 16 7 5 5 0 20 4 11 5 16 0 8 0 14 10 16 11 2 22 2 6 23 0 52 
363 21 11 7 13 18 18 10 7 10 2 21 6 0 6 17 1 0 2 16 11 17 15 3 23 5 8 25 0 62 
403 23 13 10 0 22 20 13 0 0 8 0 7 3 9 21 3 0 4 18 12 20 18 5 0 8 10 26 0 68 
