0.0   0.0   0.0   0.0   0.0   0.0   
0.0   0.0   0.0   0.0   0.0023810738643500577   0.0023810738643564476   
0.35714285714285715   0.35714285714285715   0.35714285714285715   0.35714285714285715   8.87428517899976E-4   9.650678841299343E-4   
0.2857142857142857   0.2857142857142857   0.2857142857142857   0.2857142857142857   0.001428469990755762   0.0015688522838338775   
-0.15714285714285714   -0.15714285714285714   -0.15714285714285714   -0.15714285714285714   0.0016331559210872998   0.0017036330491915475   
0.1   0.1   0.1   0.1   0.001760398970697854   0.0018302702454192751   
-0.08571428571428572   -0.08571428571428572   -0.08571428571428572   -0.08571428571428572   0.001914655134368437   0.001986406085493692   
0.010714285714285714   0.010714285714285714   0.010714285714285714   0.010714285714285714   0.0021487514529345123   0.002131661794384297   
-0.15714285714285714   -0.15714285714285714   -0.15714285714285714   -0.15714285714285714   0.0023492663795521276   0.0022320104158956794   
-0.21428571428571425   -0.21428571428571425   -0.21428571428571425   -0.21428571428571425   0.002391943105566182   0.0023491518790086535   
