0.0   0.0   0.0   0.0   0.0   0.0   
0.0   0.0   0.0   0.0   0.0023810738643551678   0.0023810738643574806   
0.32857142857142857   0.32857142857142857   0.32857142857142857   0.32857142857142857   9.770161214761417E-4   9.260824105233103E-4   
0.30714285714285716   0.30714285714285716   0.30714285714285716   0.30714285714285716   0.0011537419643212557   0.0011143402542437737   
-0.02857142857142857   -0.02857142857142857   -0.02857142857142857   -0.02857142857142857   0.0017045903365496978   0.001544282292184289   
-0.014285714285714285   -0.014285714285714285   -0.014285714285714285   -0.014285714285714285   0.0016620669646898504   0.0017926439246548243   
-0.28095238095238084   -0.28095238095238084   -0.28095238095238084   -0.28095238095238084   0.0019063841300380345   0.002110828983100356   
-0.2357142857142857   -0.2357142857142857   -0.2357142857142857   -0.2357142857142857   0.0020936056977653287   0.0023455193561565404   
-0.805714285714286   -0.805714285714286   -0.805714285714286   -0.805714285714286   0.002191367846421796   0.002414301416092343   
-0.47142857142857153   -0.47142857142857153   -0.47142857142857153   -0.47142857142857153   0.0021102591090407766   0.0025227238212926647   
