0.0   0.0   0.0   0.0   0.0   0.0   
0.0   0.0   0.0   0.0   0.0   0.0   
0.3   0.3   0.3   0.3   0.0   0.0   
0.31666666666666665   0.31666666666666665   0.31666666666666665   0.31666666666666665   0.0   0.0   
0.13333333333333333   0.13333333333333333   0.13333333333333333   0.13333333333333333   0.0   0.0   
-0.03333333333333333   -0.03333333333333333   -0.03333333333333333   -0.03333333333333333   0.0   0.0   
-0.7333333333333333   -0.7333333333333333   -0.7333333333333333   -0.7333333333333333   0.0   0.0   
-0.2833333333333333   -0.2833333333333333   -0.2833333333333333   -0.2833333333333333   0.0   0.0   
-0.8777777777777777   -0.8777777777777777   -0.8777777777777777   -0.8777777777777777   0.0   0.0   
-0.3722222222222223   -0.3722222222222223   -0.3722222222222223   -0.3722222222222223   0.0   0.0   
