0.0   0.0   0.0   0.0   0.0   0.0   
0.0   0.0   0.0   0.0   0.0   0.0   
0.26666666666666666   0.26666666666666666   0.26666666666666666   0.26666666666666666   0.0   0.0   
0.26666666666666666   0.26666666666666666   0.26666666666666666   0.26666666666666666   0.0   0.0   
0.2   0.2   0.2   0.2   0.0   0.0   
0.2   0.2   0.2   0.2   0.0   0.0   
-0.6777777777777776   -0.6777777777777776   -0.6777777777777776   -0.6777777777777776   0.0   0.0   
-0.26666666666666666   -0.26666666666666666   -0.26666666666666666   -0.26666666666666666   0.0   0.0   
-0.8266666666666665   -0.8266666666666665   -0.8266666666666665   -0.8266666666666665   0.0   0.0   
-0.5166666666666666   -0.5166666666666666   -0.5166666666666666   -0.5166666666666666   0.0   0.0   
