0.0   0.0   0.0   0.0   0.0   0.0   
0.0   0.0   0.0   0.0   0.002381073864354465   0.0023810738643581263   
0.24285714285714285   0.24285714285714285   0.24285714285714285   0.24285714285714285   9.124907131119294E-4   7.424457930028593E-4   
0.3   0.3   0.3   0.3   0.001113789485780367   8.964245182908464E-4   
0.05714285714285714   0.05714285714285714   0.05714285714285714   0.05714285714285714   0.001988609920718426   0.001953281827817607   
0.12142857142857143   0.12142857142857143   0.12142857142857143   0.12142857142857143   0.0021725772254554115   0.0021361748221669706   
-0.4333333333333331   -0.4333333333333331   -0.4333333333333331   -0.4333333333333331   0.0022968131722542642   0.002227816017382514   
-0.23214285714285715   -0.23214285714285715   -0.23214285714285715   -0.23214285714285715   0.002324420987979698   0.0022705814928182626   
-0.5733333333333333   -0.5733333333333333   -0.5733333333333333   -0.5733333333333333   0.002380885731367019   0.0022845540070958155   
-0.3738095238095238   -0.3738095238095238   -0.3738095238095238   -0.3738095238095238   0.0023395521246272685   0.0023069099927115933   
