0.0   0.0   0.0   0.0   0.0   0.0   
0.0   0.0   0.0   0.0   0.002381073864348707   0.002381073864357536   
0.2714285714285714   0.2714285714285714   0.2714285714285714   0.2714285714285714   0.0011203056033271047   9.251007022345304E-4   
0.29285714285714287   0.29285714285714287   0.29285714285714287   0.29285714285714287   0.0015801758113303474   0.0014771760750950037   
0.05714285714285714   0.05714285714285714   0.05714285714285714   0.05714285714285714   0.0016190860187435866   0.0014752652211659594   
0.014285714285714285   0.014285714285714285   0.014285714285714285   0.014285714285714285   0.0019108415676544466   0.0016137580123746526   
-0.2761904761904761   -0.2761904761904761   -0.2761904761904761   -0.2761904761904761   0.0018135202076161605   0.0017371621167984338   
-0.17142857142857143   -0.17142857142857143   -0.17142857142857143   -0.17142857142857143   0.0018329784159683128   0.0018680210149019047   
-0.4371428571428573   -0.4371428571428573   -0.4371428571428573   -0.4371428571428573   0.0019523782582834786   0.0021509251737107976   
-0.28095238095238095   -0.28095238095238095   -0.28095238095238095   -0.28095238095238095   0.001994154543618545   0.0022619438534128245   
