0.5   0.5   0.5   0.5   0.0   0.0   
0.4771031872157028   0.46687993485550283   0.4771031872157028   0.46687993485550283   0.3357314148734514   0.33573141487456937   
0.6469017401598437   0.67114435842881   0.6469017401598437   0.67114435842881   0.12605016929451152   0.14790946713977324   
0.5376171268247556   0.6959088838687515   0.5376171268247556   0.6959088838687515   0.20766978273462286   0.24839266934447224   
0.48973776726953466   0.6747881764625625   0.48973776726953466   0.6747881764625625   0.2361941025401581   0.2590502987142655   
0.5421544076870886   0.8604870240427356   0.5421544076870886   0.8604870240427356   0.292721147636317   0.3079853405321348   
0.6199196615393594   0.9823765583128427   0.6199196615393594   0.9823765583128427   0.30847666675791197   0.31776378071006706   
0.6018172450896054   0.8843546830162875   0.6018172450896054   0.8843546830162875   0.3266118859252537   0.3303223800569277   
0.5216794639887631   0.779580228735684   0.5216794639887631   0.779580228735684   0.35402422915543413   0.3541561030605682   
0.6388435109697741   0.9897809407601658   0.6388435109697741   0.9897809407601658   0.35929338947036066   0.3651915713452458   
