39 2 2 4 2 3 1 2 2 1 0 1 0 2 5 3 4 2 2 0 2 2 0 1 2 5 1 3 0 7 
83 3 4 5 4 7 5 5 3 3 1 4 0 4 6 5 6 4 0 3 5 0 3 3 4 6 2 0 1 14 
98 6 5 6 6 12 6 9 4 5 2 7 1 7 7 7 8 0 0 4 6 1 7 6 8 7 6 0 0 47 
100 8 6 7 0 13 8 0 7 7 5 11 4 0 11 0 11 4 2 7 7 2 0 7 11 10 9 1 0 94 
106 10 7 9 1 14 9 2 0 10 7 12 5 3 14 2 12 7 3 9 8 0 1 9 0 12 12 3 0 145 
0 11 11 10 2 18 10 6 2 12 10 13 6 4 0 0 13 8 5 0 11 3 2 12 1 0 14 5 0 200 
0 12 14 12 7 21 12 8 3 13 0 14 8 6 1 1 18 10 8 1 18 0 0 14 3 2 16 6 0 246 
2 16 16 14 8 23 13 9 4 18 1 16 9 8 0 2 19 12 9 4 0 1 0 15 6 4 0 10 0 300 
10 0 17 16 11 25 15 10 6 19 2 17 12 13 3 4 21 13 11 5 5 2 3 16 10 6 1 11 0 339 
12 0 19 0 12 0 16 12 8 0 4 19 0 15 5 7 22 16 0 8 6 6 5 21 0 11 3 0 0 392 
