0.5   0.5   0.5   0.5   0.0   0.0   
0.5720022958781293   0.5464724966681305   0.5720022958781293   0.5464724966681305   0.3357314148726896   0.3357314148742528   
0.7505614938011546   0.747257272653039   0.7505614938011546   0.747257272653039   0.1881474929157719   0.19914630433404723   
0.6599368338128165   0.7073113700551262   0.6599368338128165   0.7073113700551262   0.19943156081228414   0.23622656707446715   
0.5414432973056255   0.5493797039291376   0.5414432973056255   0.5493797039291376   0.20559327426700177   0.24142224867537315   
0.6257744046950842   0.675322698758267   0.6257744046950842   0.675322698758267   0.2476886791549934   0.28154702447448426   
0.7052239944696761   0.7649259462079517   0.7052239944696761   0.7649259462079517   0.3202903854931304   0.3336534131545571   
0.59065472247188   0.7648126629778927   0.59065472247188   0.7648126629778927   0.34502070785202305   0.3580605981262116   
0.5545232346574531   0.6939929872836424   0.5545232346574531   0.6939929872836424   0.3512189509322343   0.37491594187412003   
0.6947391884139491   0.8876326422604042   0.6947391884139491   0.8876326422604042   0.357633049852069   0.37152424169213677   
