0.5   0.5   0.5   0.5   0.0   0.0   
0.4097889963179801   0.3695867539764314   0.4097889963179801   0.3695867539764314   0.3357314148740166   0.3357314148745391   
0.44788458101729384   0.49354265362715577   0.44788458101729384   0.49354265362715577   0.1155624096048166   0.1096241773899937   
0.41879222346786743   0.5625926719880565   0.41879222346786743   0.5625926719880565   0.1769505068840339   0.17156621983098194   
0.4077214791393631   0.5345462285180502   0.4077214791393631   0.5345462285180502   0.2930802300692557   0.28639748888144495   
0.40373964896908215   0.541314097287875   0.40373964896908215   0.541314097287875   0.32617526975720273   0.32621410921239036   
0.3785736512289757   0.5766419544194807   0.3785736512289757   0.5766419544194807   0.34350024751178676   0.35438140615887836   
0.37358954390347626   0.5899027848580027   0.37358954390347626   0.5899027848580027   0.34539093367226587   0.36078900479703374   
0.3461056016393755   0.6103316141197648   0.3461056016393755   0.6103316141197648   0.2984828726720346   0.34788543583464865   
0.3618059994530218   0.6203893477900547   0.3618059994530218   0.6203893477900547   0.31658601035260997   0.36999441483602047   
