0.5   0.5   0.5   0.5   0.0   0.0   
0.35120857446895914   0.5077317551716725   0.35120857446895914   0.5077317551716725   0.33333333333893334   0.33333333333945114   
0.518728371696417   0.8223065894424482   0.518728371696417   0.8223065894424482   0.12890686942899973   0.1460129334225569   
0.4824514484026765   0.8668523714115125   0.4824514484026765   0.8668523714115125   0.19966842545180832   0.22975772650918   
0.47544700973677984   0.6943974545014246   0.47544700973677984   0.6943974545014246   0.23500073693093917   0.2562442950667858   
0.5716299230055627   0.8129629752872503   0.5716299230055627   0.8129629752872503   0.23485855285060922   0.26162696102866834   
0.630868831067007   0.9099793284560974   0.630868831067007   0.9099793284560974   0.21843856435812717   0.2620027994895892   
0.5298043401975436   0.820090715067856   0.5298043401975436   0.820090715067856   0.23400400836109272   0.2970481697971511   
0.40857709050530416   0.6839368758990176   0.40857709050530416   0.6839368758990176   0.26653978950838436   0.31324431283556936   
0.5099506718759567   0.8776895321390928   0.5099506718759567   0.8776895321390928   0.2758887296050585   0.33292091497674564   
