37 0 3 0 3 2 1 1 3 4 5 4 2 2 2 1 2 4 1 2 3 6 3 0 2 3 2 2 0 0 
44 1 6 4 4 3 3 5 6 9 8 7 3 5 3 3 4 7 3 0 5 11 5 5 4 6 3 5 0 26 
85 5 7 6 5 5 5 0 0 11 9 0 0 6 5 7 5 9 0 1 7 12 6 10 6 8 8 10 0 36 
106 7 0 7 9 0 9 1 2 12 10 1 2 9 6 8 7 11 0 2 8 13 0 12 9 9 12 11 2 71 
124 9 1 8 0 1 14 2 4 17 11 0 5 11 0 11 9 12 2 0 10 15 2 16 0 0 14 0 0 109 
140 11 0 0 2 3 16 4 5 0 15 1 8 0 0 0 13 16 4 1 11 17 8 18 3 0 18 0 1 144 
160 12 5 3 0 4 17 5 0 1 17 5 11 0 2 4 17 19 6 0 12 19 11 19 0 0 20 0 0 178 
169 14 7 6 3 9 19 9 2 2 20 9 13 0 0 6 21 0 7 3 13 0 13 21 2 2 0 2 0 215 
177 15 0 8 4 10 24 12 4 6 21 0 16 2 1 7 22 2 9 4 14 1 14 26 3 5 2 0 1 259 
184 0 1 0 6 12 27 14 6 7 22 1 19 0 2 8 25 6 10 7 17 6 15 29 4 6 3 1 2 304 
