45 1 1 2 1 1 0 4 3 3 4 2 1 0 3 1 3 5 1 2 3 0 2 1 2 2 3 3 1 0 
76 3 4 0 2 2 2 8 4 6 10 4 2 3 5 5 0 9 2 0 5 0 6 4 5 5 7 6 3 5 
101 6 7 2 3 4 3 10 7 11 12 6 6 8 7 6 3 0 3 1 0 2 9 7 8 0 8 10 5 19 
136 8 8 5 5 6 6 12 11 12 18 0 7 10 10 0 5 1 10 3 3 0 10 0 10 2 10 11 0 29 
157 11 9 8 6 8 0 0 14 0 21 1 9 0 12 1 7 4 11 4 5 3 13 0 12 5 11 14 0 62 
188 0 0 0 8 11 1 1 0 1 23 3 12 3 15 0 8 5 13 6 6 4 19 4 0 9 14 20 0 79 
214 1 0 3 9 12 0 2 0 3 25 8 13 0 18 2 9 7 15 7 8 9 22 0 2 11 16 27 0 102 
227 3 3 4 11 13 1 3 1 4 26 11 15 1 21 8 12 11 0 9 10 11 23 1 3 14 17 31 2 134 
249 6 0 8 12 14 4 4 0 5 30 13 16 3 22 10 0 12 1 0 12 13 24 3 4 17 0 34 3 169 
261 8 1 9 13 15 7 7 1 6 32 16 19 6 24 14 2 13 3 1 15 14 25 4 7 18 2 39 4 202 
