41 1 1 2 2 2 1 2 4 2 0 2 2 4 1 4 3 1 1 1 3 2 0 1 1 3 2 2 0 9 
45 0 3 3 4 6 0 3 7 3 5 3 3 0 2 0 4 2 3 2 5 0 3 7 4 0 4 4 0 60 
90 3 4 5 5 8 2 5 0 4 8 4 0 1 4 4 10 3 5 4 7 1 7 10 8 0 9 0 0 0 
152 4 6 7 7 0 3 7 2 0 10 0 1 2 6 5 11 0 6 5 8 3 9 11 10 3 11 3 0 0 
182 5 7 8 9 2 5 9 4 0 12 1 2 5 8 7 15 3 7 8 9 5 12 13 14 6 15 5 3 11 
209 6 10 9 11 3 6 12 6 1 13 2 3 0 10 8 16 6 10 12 13 9 17 0 16 8 18 0 0 32 
231 0 12 14 15 6 7 14 8 2 0 4 4 5 13 10 18 11 0 14 16 11 19 1 0 10 19 1 0 56 
244 2 15 15 16 7 10 15 11 3 5 6 5 7 0 14 19 0 2 0 21 12 22 3 3 12 21 0 1 91 
268 0 18 0 19 0 12 16 12 6 6 10 7 9 2 15 0 0 5 0 23 15 27 7 5 13 22 1 2 119 
275 1 22 2 0 2 18 19 13 8 10 11 9 0 0 17 2 2 6 1 26 0 29 0 6 16 23 2 0 165 
