0.5   0.5   0.5   0.5   0.0   0.0   
0.549903969523074   0.43581680956840696   0.549903969523074   0.43581680956840696   0.33573141399926804   0.3357314140003379   
0.7808752707957721   0.6436712356705445   0.7808752707957721   0.6436712356705445   0.14117834588697614   0.15481372945429403   
0.6757009780307449   0.6220462232254343   0.6757009780307449   0.6220462232254343   0.1553273603127053   0.21143495404161025   
0.49924323267513565   0.5379129489496431   0.49924323267513565   0.5379129489496431   0.1758016417386242   0.2535890013115363   
0.5628745246637661   0.5538170283508487   0.5628745246637661   0.5538170283508487   0.2413129520258525   0.30787201273634723   
0.6479591307040811   0.6224978443281692   0.6479591307040811   0.6224978443281692   0.2938250906210534   0.3180875051687052   
0.5654803648474347   0.5929044514358758   0.5654803648474347   0.5929044514358758   0.29038674344437726   0.32730220886064804   
0.5014691523035236   0.6140300640822332   0.5014691523035236   0.6140300640822332   0.30439793037562846   0.3276811794517038   
0.6375127025378887   0.8191388002314316   0.6375127025378887   0.8191388002314316   0.33281069617700043   0.35982946116418163   
