33 2 3 1 0 2 4 1 1 2 3 2 3 3 3 2 6 0 2 4 1 3 3 2 3 1 1 2 1 6 
37 6 7 4 1 3 7 0 6 4 5 3 5 7 4 3 8 2 4 5 4 4 6 5 5 0 3 3 0 46 
81 7 9 6 2 0 9 1 7 7 7 0 0 8 6 5 11 5 5 7 5 6 0 8 7 3 5 6 0 57 
118 10 12 9 3 1 12 3 9 13 9 0 1 11 9 10 13 7 0 9 6 8 0 9 11 4 6 8 0 64 
144 0 13 10 0 2 16 4 11 14 12 3 6 12 12 11 15 8 1 14 7 10 4 11 14 5 9 9 1 84 
175 1 16 11 1 5 17 5 12 19 13 5 7 14 13 12 19 9 2 16 12 13 5 12 15 7 14 0 0 102 
217 2 18 12 2 6 18 6 16 23 14 6 10 16 15 14 0 10 0 17 14 14 9 13 19 0 15 4 1 113 
252 3 21 13 5 8 19 9 19 0 15 7 14 17 0 15 0 11 4 21 16 16 11 17 0 2 0 6 0 130 
286 4 23 16 6 11 0 12 20 3 0 8 16 19 3 17 0 13 7 22 0 17 16 18 3 3 0 10 2 146 
332 7 24 18 8 12 0 14 21 0 3 10 18 20 4 20 3 0 8 0 1 19 19 20 0 4 2 13 0 158 
