0.5   0.5   0.5   0.5   0.0   0.0   
0.4908439437812439   0.4887769665625007   0.4908439437812439   0.4887769665625007   0.33573141486700003   0.3357314148682757   
0.702985777132004   0.7717069330341356   0.702985777132004   0.7717069330341356   0.13669792363293692   0.13414652128121335   
0.6874474076588428   0.7532386247070665   0.6874474076588428   0.7532386247070665   0.18838005888908788   0.20645934943583902   
0.694488092675148   0.6027712237063796   0.694488092675148   0.6027712237063796   0.2328213090315119   0.24984087722281081   
0.6631355903606011   0.6590071884120673   0.6631355903606011   0.6590071884120673   0.26255067565840406   0.2848679541883042   
0.7309395107112935   0.7527330679410908   0.7309395107112935   0.7527330679410908   0.2892531813418859   0.31276794706309263   
0.649402830191238   0.752004913765562   0.649402830191238   0.752004913765562   0.303423281896842   0.3308785990475842   
0.5831502981060425   0.7303004201517901   0.5831502981060425   0.7303004201517901   0.30913848600684335   0.34674175950066655   
0.7220281011352826   0.9248756499304496   0.7220281011352826   0.9248756499304496   0.3303818775046791   0.36309137746714554   
