0.5   0.5   0.5   0.5   0.0   0.0   
0.35404827430009783   0.36603594293978897   0.35404827430009783   0.36603594293978897   0.33573141487440933   0.33573141487456304   
0.5125543530613352   0.3344502821404228   0.5125543530613352   0.3344502821404228   0.10547514239252072   0.1137271643037371   
0.535588424244753   0.2467534233684782   0.535588424244753   0.2467534233684782   0.1767071647088027   0.1766755583518664   
0.4585168561093071   0.32706534569209716   0.4585168561093071   0.32706534569209716   0.2288795807383111   0.22215086195275588   
0.4014608278277455   0.3620297194090524   0.4014608278277455   0.3620297194090524   0.23458853598235865   0.23276351177216403   
0.40226635629646973   0.4133172261517255   0.40226635629646973   0.4133172261517255   0.2776005774783656   0.28351318826712557   
0.4225481421710513   0.4355135306790317   0.4225481421710513   0.4355135306790317   0.305120241439864   0.30224099684399663   
0.42654466197025037   0.43514965537477074   0.42654466197025037   0.43514965537477074   0.2911373415713953   0.29383469830651177   
0.4328996853589552   0.4433537289006725   0.4328996853589552   0.4433537289006725   0.3425687199066022   0.3531391459148276   
