46 1 2 0 0 3 3 0 3 2 0 2 0 0 5 3 2 3 0 1 3 3 1 0 1 3 2 3 1 7 
50 0 5 0 3 0 5 1 4 4 3 4 0 1 7 4 3 4 4 3 0 7 6 0 2 6 4 0 0 59 
106 4 8 1 0 1 6 3 0 0 5 8 2 3 8 0 0 7 6 7 2 9 9 0 3 8 5 1 0 0 
149 7 12 0 2 3 9 0 6 2 6 11 6 5 9 3 1 11 7 9 3 11 11 2 4 10 0 4 0 0 
193 0 0 1 0 5 0 5 12 3 11 13 0 8 0 5 4 14 11 11 5 13 12 4 5 11 0 6 0 6 
235 1 3 2 1 8 0 9 13 7 14 15 4 10 3 9 5 15 0 12 0 14 14 6 10 12 3 9 0 8 
293 0 5 3 2 0 3 11 0 9 15 16 7 14 5 0 9 17 2 0 0 16 15 7 12 0 5 11 0 10 
338 1 6 0 5 0 4 13 1 12 17 20 9 0 0 4 13 21 4 1 0 19 18 10 14 3 8 0 0 13 
385 3 8 3 8 0 5 14 3 14 18 21 10 2 1 5 0 25 6 4 2 0 21 14 17 0 9 3 0 18 
438 4 9 5 9 1 0 15 4 16 23 23 12 0 3 7 2 26 10 5 4 3 23 15 18 0 11 0 0 23 
