34 2 5 5 0 1 1 5 5 4 1 1 4 1 0 2 3 2 1 1 2 1 4 2 1 1 1 3 0 7 
86 0 7 7 0 2 3 6 6 7 2 4 7 4 3 4 4 4 4 2 4 2 6 4 0 2 2 0 0 12 
104 1 9 0 5 6 5 8 8 9 5 5 8 6 4 6 5 5 6 4 6 5 9 7 0 4 3 0 1 43 
146 0 11 4 0 0 9 11 10 11 6 6 9 0 5 7 6 6 0 5 10 6 10 12 1 6 4 1 0 60 
185 2 12 6 2 3 10 13 12 0 8 9 10 2 6 12 0 8 1 6 12 7 13 14 3 10 5 0 2 71 
209 4 15 8 5 0 14 14 14 1 10 10 12 5 8 14 3 9 0 8 0 8 14 15 5 12 8 5 3 95 
228 7 18 11 9 3 17 16 16 3 11 11 15 7 0 0 6 10 0 0 3 9 16 16 8 14 11 0 4 124 
240 8 22 12 12 0 20 17 18 7 0 13 17 11 2 1 7 14 2 0 4 11 18 18 12 16 12 0 5 160 
251 0 25 13 13 2 24 18 22 0 3 15 0 13 3 0 9 15 3 0 7 0 19 0 15 20 15 0 0 207 
264 1 27 16 15 0 26 0 24 2 6 19 1 15 4 2 11 18 7 0 10 1 20 3 17 24 0 1 0 243 
