0.5   0.5   0.5   0.5   0.0   0.0   
0.3340867813860268   0.5502113063884543   0.3340867813860268   0.5502113063884543   0.33573141487351515   0.3357314148741295   
0.4790388299992048   0.5380963506427197   0.4790388299992048   0.5380963506427197   0.1441314722005252   0.1229184127096228   
0.4540223278560246   0.5646295365307502   0.4540223278560246   0.5646295365307502   0.21382840151659854   0.1732529756487686   
0.5017584407081154   0.6121059419655608   0.5017584407081154   0.6121059419655608   0.2507250715119265   0.19837686263831228   
0.39195829529300025   0.6187493865884336   0.39195829529300025   0.6187493865884336   0.2583642474076263   0.2356725215284664   
0.41434648113470823   0.6115057065355737   0.41434648113470823   0.6115057065355737   0.27654383953073725   0.27747621089338315   
0.4248614683139484   0.6144192054833754   0.4248614683139484   0.6144192054833754   0.27768224741516906   0.29532105076120574   
0.42610967510196057   0.6009005199779495   0.42610967510196057   0.6009005199779495   0.2837505529721387   0.29763961257513016   
0.3966832544262676   0.628990948840332   0.3966832544262676   0.628990948840332   0.272554759897158   0.3181846685154979   
