0.5   0.5   0.5   0.5   0.0   0.0   
0.4194514782856658   0.4407878461642231   0.4194514782856658   0.4407878461642231   0.33573141487333863   0.33573141487449004   
0.8139241887836604   0.61596199313304   0.8139241887836604   0.61596199313304   0.12443894530931904   0.1576670562327529   
0.8412393341603751   0.5485957741835414   0.8412393341603751   0.5485957741835414   0.16300549887394336   0.21728321021910352   
0.6569698782505231   0.5327047536070304   0.6569698782505231   0.5327047536070304   0.23284058366912258   0.25011214648334296   
0.7311882358530883   0.5827941188146937   0.7311882358530883   0.5827941188146937   0.2735518804172841   0.3021743586923109   
0.7504404704447099   0.6723930758439677   0.7504404704447099   0.6723930758439677   0.2722614468348968   0.29871026927944555   
0.6704152479037471   0.6114592699311723   0.6704152479037471   0.6114592699311723   0.27555764091461343   0.31292953140529167   
0.5884527360643949   0.5549382452078628   0.5884527360643949   0.5549382452078628   0.24901722232269188   0.3013740965665535   
0.7014184683855392   0.7091427560946559   0.7014184683855392   0.7091427560946559   0.25755305733479045   0.3154652783164081   
