41 1 3 1 4 3 3 3 3 2 1 0 1 2 4 2 2 1 1 2 4 3 2 2 2 1 2 3 1 0 
49 7 4 2 7 5 6 5 8 7 3 4 4 3 6 3 4 0 4 3 6 8 4 6 3 2 5 6 2 23 
92 8 8 0 8 0 8 7 10 9 4 6 0 0 7 0 6 1 5 6 9 10 6 7 5 8 10 8 0 32 
133 11 9 1 9 2 0 13 11 12 5 9 4 2 9 5 8 4 7 0 13 0 0 8 6 9 11 9 0 40 
176 13 10 3 10 6 4 15 12 16 6 10 0 7 12 0 9 0 8 1 17 3 0 11 7 12 13 10 1 45 
216 0 11 4 11 9 0 0 14 0 8 13 1 9 13 2 11 3 10 4 19 6 2 13 8 14 15 13 0 59 
252 2 13 7 15 10 4 4 16 1 0 16 0 0 0 5 0 0 13 5 0 9 3 14 9 17 16 15 0 78 
287 4 14 9 20 12 6 7 17 5 1 18 2 1 2 0 2 0 15 0 5 12 0 16 0 0 20 0 0 95 
317 0 16 0 23 14 7 0 20 9 3 0 5 2 5 2 3 2 18 2 8 13 4 18 2 0 21 2 1 115 
353 2 18 2 26 16 11 2 21 10 4 2 7 6 0 7 6 4 0 0 10 0 5 0 0 2 22 3 0 134 
