37 0 0 2 1 4 5 5 2 1 3 2 4 2 1 1 2 1 5 2 2 4 2 1 4 0 1 5 1 0 
39 3 2 5 7 7 7 8 4 5 4 5 9 6 3 0 4 0 7 4 4 6 6 4 0 4 3 6 3 29 
72 4 6 7 0 11 0 9 0 7 6 8 10 8 4 1 9 5 9 6 6 8 0 5 1 0 6 0 5 47 
98 6 10 8 1 16 3 10 3 10 7 0 12 11 6 6 13 7 10 8 0 10 3 8 7 0 7 1 0 60 
122 7 11 9 3 17 6 15 5 11 12 1 14 14 0 9 0 10 12 11 0 12 5 9 10 2 8 3 0 84 
142 9 0 10 4 18 7 17 6 14 16 2 15 17 2 10 1 0 14 12 3 0 9 10 12 3 0 7 0 121 
154 12 1 12 7 20 0 18 8 15 18 0 17 20 0 11 4 2 16 16 4 2 10 13 14 0 2 8 2 161 
169 16 2 13 9 25 2 19 9 16 19 4 0 21 1 12 7 3 0 19 0 0 13 17 0 3 6 10 3 196 
174 17 3 15 11 29 6 20 12 19 23 6 1 22 2 15 9 4 2 21 3 4 15 19 2 5 8 0 0 234 
183 21 0 17 13 31 7 22 13 0 26 8 0 24 3 17 0 10 6 22 5 8 0 24 4 7 10 2 0 271 
