0.5   0.5   0.5   0.5   0.0   0.0   
0.41782106848948597   0.4943876914939093   0.41782106848948597   0.4943876914939093   0.0   0.3190120140412324   
0.5560866190779169   0.5003160802053938   0.5560866190779169   0.5003160802053938   0.10150959946662136   0.11390744213670126   
0.5589212996490945   0.532171512331557   0.5589212996490945   0.532171512331557   0.2050850818601743   0.19679770096891197   
0.5252329769455291   0.5259884101068318   0.5252329769455291   0.5259884101068318   0.24584492250100545   0.2335219129951962   
0.493331808989782   0.47657192729541   0.493331808989782   0.47657192729541   0.2975532708584651   0.3013654744840534   
0.4824354008618224   0.46057290743009044   0.4824354008618224   0.46057290743009044   0.3077650097475304   0.3024618201396492   
0.46209467459474396   0.4554207640780779   0.46209467459474396   0.4554207640780779   0.3305380342209659   0.3194359945625117   
0.4538895126110092   0.48006603840430434   0.4538895126110092   0.48006603840430434   0.32963454364379496   0.3192219274800473   
0.47845204788987283   0.5036824534486194   0.47845204788987283   0.5036824534486194   0.371839095300499   0.3566569478468435   
