33 2 3 3 4 4 5 3 1 5 2 2 2 2 4 4 3 1 2 1 1 1 2 2 2 3 2 1 0 0 
35 6 6 8 6 8 7 0 3 8 5 4 6 4 5 0 6 0 4 3 4 7 4 4 9 6 4 2 0 28 
74 8 8 0 9 0 0 2 5 10 8 5 8 5 6 3 8 0 5 4 5 10 5 0 12 0 0 6 1 48 
93 9 11 3 10 2 5 0 0 14 13 6 9 0 7 5 0 2 8 5 6 12 7 2 13 0 0 9 2 82 
109 14 0 0 0 3 6 4 4 20 16 7 0 4 9 7 1 6 13 0 9 15 8 4 0 3 2 12 0 106 
125 16 1 0 2 6 8 6 6 27 20 9 1 7 13 0 4 8 17 0 0 18 9 0 2 4 3 15 0 135 
142 18 0 0 5 8 0 7 9 31 25 11 5 8 15 2 0 11 0 1 2 19 11 2 0 6 4 16 1 171 
157 0 1 2 10 13 1 8 11 35 29 12 6 0 16 0 2 0 1 4 5 22 12 0 1 0 0 18 0 212 
167 3 3 5 0 15 2 0 0 37 31 0 8 0 18 2 4 0 2 5 0 26 13 3 3 3 1 0 3 260 
175 5 5 6 1 17 4 2 1 41 33 1 10 1 21 4 0 1 4 9 2 27 0 0 4 5 0 3 4 307 
