32 4 4 4 1 4 2 0 4 0 5 2 5 3 2 1 2 2 1 4 4 3 3 2 1 0 2 3 0 0 
55 9 6 7 0 6 0 1 5 2 9 8 7 7 7 3 6 4 7 5 6 5 6 0 4 1 3 7 1 8 
65 11 7 8 2 7 1 5 9 3 11 10 0 11 10 7 8 6 11 6 7 8 8 3 5 3 0 0 2 44 
71 12 9 10 4 8 3 0 11 4 12 0 2 12 13 8 11 10 14 9 9 9 9 4 7 4 1 0 0 95 
77 14 11 0 11 12 4 0 14 6 13 3 3 13 14 9 16 14 15 12 10 12 11 6 10 7 2 1 1 130 
87 17 12 1 17 13 5 4 16 8 14 6 6 15 17 11 18 0 16 0 11 16 14 8 11 0 0 2 0 170 
90 18 14 2 20 17 6 7 17 9 0 8 7 19 19 0 21 4 21 1 14 18 16 10 13 2 1 4 0 212 
101 20 0 4 22 18 10 12 22 11 1 9 0 20 21 0 23 5 22 0 17 20 17 11 16 5 3 6 0 252 
115 0 3 0 24 21 11 16 28 0 2 12 0 23 23 2 24 7 24 1 19 22 0 12 17 8 0 8 2 289 
126 1 6 2 28 22 13 18 29 1 4 15 2 26 25 3 25 9 25 3 23 24 3 0 19 10 3 9 3 324 
