54 2 1 4 1 2 2 1 0 3 2 1 1 2 0 1 1 3 1 1 1 2 0 0 1 1 1 1 0 10 
89 4 3 0 2 3 3 4 1 5 3 2 4 4 2 2 6 4 2 3 5 3 1 2 4 2 2 2 1 28 
94 9 6 2 3 5 4 7 4 8 5 5 6 0 3 0 8 5 4 4 0 0 3 4 6 0 4 5 0 75 
109 10 7 3 4 7 7 0 6 10 7 7 0 1 5 1 10 7 0 0 1 2 6 6 7 3 8 0 0 119 
161 13 9 0 0 10 8 1 7 0 11 9 4 2 0 2 13 8 1 1 2 5 8 0 8 0 11 3 0 125 
180 0 10 1 1 13 0 0 9 1 0 11 7 3 4 3 15 11 4 2 3 12 10 0 0 3 12 6 0 160 
190 1 0 5 2 14 5 1 11 3 1 0 8 6 6 5 17 17 0 4 6 19 12 2 2 5 13 10 0 191 
194 0 2 6 4 17 6 2 13 5 2 2 10 7 7 7 21 0 2 5 7 21 16 4 3 10 15 11 0 239 
200 0 5 9 5 22 7 5 14 6 4 4 11 9 10 8 24 3 4 7 11 25 18 0 4 11 17 0 1 279 
0 3 9 11 11 24 11 6 16 0 7 5 16 13 11 9 26 5 5 0 14 27 19 2 6 16 18 0 0 319 
