44 3 0 1 1 2 1 2 2 2 2 4 1 3 2 2 2 1 3 1 3 1 1 1 2 0 5 1 1 6 
88 0 1 0 0 3 2 3 4 4 0 5 4 9 4 5 0 2 4 4 6 2 0 0 0 3 6 5 2 21 
121 1 4 2 2 7 3 6 6 6 3 0 6 11 6 7 5 6 6 6 7 3 1 1 2 4 9 0 3 33 
161 4 6 3 4 12 7 7 9 7 4 2 0 12 0 11 7 9 12 7 8 0 0 0 3 5 12 1 5 42 
180 7 0 5 9 13 9 8 11 12 5 3 1 13 1 12 9 13 13 8 10 4 3 4 7 8 13 5 8 60 
217 0 1 9 13 14 10 10 15 13 8 4 3 0 0 13 10 17 14 0 12 6 5 6 0 9 0 7 0 81 
239 4 2 10 15 16 13 11 0 14 11 8 0 6 0 15 13 18 16 0 18 10 7 8 2 12 1 9 0 101 
265 0 3 12 18 20 0 14 0 15 14 9 3 9 1 17 18 0 17 1 21 14 9 9 4 18 7 11 0 115 
307 1 4 13 19 0 0 16 0 19 18 12 6 12 3 20 19 0 0 3 23 16 11 13 5 0 0 14 2 126 
355 2 0 15 21 3 1 21 0 21 19 14 8 13 4 23 21 2 2 6 0 0 12 0 0 5 3 16 0 132 
