0.5   0.5   0.5   0.5   0.0   0.0   
0.416594517262926   0.492087825804314   0.416594517262926   0.492087825804314   0.0   0.32137669287686066   
0.45279476916092737   0.5608747759415954   0.45279476916092737   0.5608747759415954   0.13604171103797885   0.1355416095159015   
0.46479103967776253   0.599809931087948   0.46479103967776253   0.599809931087948   0.2128824264887116   0.20433038589849695   
0.3664380055820751   0.6189856829390699   0.3664380055820751   0.6189856829390699   0.26651287049661365   0.25044536283547486   
0.3464067547121143   0.6737211913463186   0.3464067547121143   0.6737211913463186   0.26539670809916965   0.2602138773176093   
0.35838694236572416   0.6836532507614845   0.35838694236572416   0.6836532507614845   0.2783914547260222   0.26027114827505105   
0.34187063861369843   0.6725806199854556   0.34187063861369843   0.6725806199854556   0.2917317824192836   0.28718505769417185   
0.33138684319234296   0.6921156988178461   0.33138684319234296   0.6921156988178461   0.3222350216690874   0.3035934097772924   
0.40501813471637726   0.6783297245835206   0.40501813471637726   0.6783297245835206   0.3323367928059927   0.3110102419392314   
