0.5   0.5   0.5   0.5   0.0   0.0   
0.5434454040915367   0.5267156227289216   0.5434454040915367   0.5267156227289216   0.3357314148663854   0.33573141486809116   
0.47880803264656807   0.4437587732895428   0.47880803264656807   0.4437587732895428   0.1367350182018703   0.13542640835000333   
0.4668494954106392   0.39943634373167486   0.4668494954106392   0.39943634373167486   0.18373144033296454   0.20022785819799171   
0.41907912605457126   0.4373468914994313   0.41907912605457126   0.4373468914994313   0.2107293532683628   0.2403913947811351   
0.4415703988532173   0.4126642864761704   0.4415703988532173   0.4126642864761704   0.26569633477758636   0.29025449565167477   
0.4529171193016201   0.4244961519104715   0.4529171193016201   0.4244961519104715   0.31027104216369955   0.3101109657449953   
0.46060237807958787   0.3883272008772858   0.46060237807958787   0.3883272008772858   0.3152620474513427   0.3111003570000024   
0.483464493306977   0.3596534932700895   0.483464493306977   0.3596534932700895   0.3399806624452922   0.3342330814403385   
0.4480197364755127   0.3497745790740169   0.4480197364755127   0.3497745790740169   0.34137755305180606   0.32870959505353303   
