31 2 2 1 7 2 0 2 1 3 2 3 2 4 2 2 3 3 4 3 2 4 1 4 3 2 3 2 0 0 
32 4 3 5 9 3 4 5 2 5 5 4 5 5 4 0 5 5 7 6 7 0 4 7 4 3 0 6 2 40 
40 6 0 6 12 0 7 6 3 9 6 9 6 7 6 2 6 6 10 7 8 1 0 10 5 7 2 0 3 85 
50 8 2 0 13 2 9 8 7 11 10 11 7 9 9 3 9 9 11 8 10 3 3 0 7 0 3 1 0 126 
58 10 3 3 15 3 11 9 10 12 12 12 10 13 11 0 10 10 15 12 13 0 4 1 11 2 5 3 0 165 
70 11 6 5 17 4 14 11 15 15 13 14 13 17 0 3 11 12 18 13 14 2 8 0 14 5 0 4 0 197 
75 12 9 6 20 0 15 13 18 16 15 15 15 20 1 4 0 13 21 14 17 7 11 1 15 6 0 8 0 244 
83 16 10 9 22 3 18 0 21 17 16 17 16 0 4 6 2 17 23 16 0 9 14 3 16 8 0 9 1 285 
92 0 13 0 25 6 19 4 0 0 17 19 17 4 7 0 6 20 0 17 2 11 0 0 19 10 3 12 0 328 
104 2 16 5 28 7 20 10 1 1 20 22 0 6 8 2 0 22 2 18 3 12 2 3 20 12 6 13 0 363 
