0.5   0.5   0.5   0.5   0.0   0.0   
0.49668728856145083   0.4268367844181419   0.49668728856145083   0.4268367844181419   0.33573141487335184   0.33573141487449476   
0.5359352189575831   0.5125538855844766   0.5359352189575831   0.5125538855844766   0.14772248987503145   0.11691613359831214   
0.5221228025849612   0.43734452261649903   0.5221228025849612   0.43734452261649903   0.18422028660624545   0.19835738335040656   
0.47479887873164756   0.4839180597930667   0.47479887873164756   0.4839180597930667   0.22938770499651895   0.2536935282068049   
0.47441267079723165   0.5471254416230289   0.47441267079723165   0.5471254416230289   0.2583662877425021   0.25687801758259354   
0.45612260775055113   0.5841954884847022   0.45612260775055113   0.5841954884847022   0.2748713924522595   0.25429411692657167   
0.45607822080643934   0.5468735472425532   0.45607822080643934   0.5468735472425532   0.28366719873602364   0.2601750307845426   
0.4851861539242129   0.5430008658269329   0.4851861539242129   0.5430008658269329   0.32990998071453576   0.3235636754914843   
0.48579920656838554   0.5579852537635114   0.48579920656838554   0.5579852537635114   0.3404975943662757   0.32707854917875184   
