0.5   0.5   0.5   0.5   0.0   0.0   
0.4482503800566647   0.4146212093461238   0.4482503800566647   0.4146212093461238   0.3357314148738278   0.3357314148744846   
0.5818954762095968   0.4925269410960022   0.5818954762095968   0.4925269410960022   0.1565839260289277   0.20211693372668071   
0.4747586946137898   0.5393234062039233   0.4747586946137898   0.5393234062039233   0.16528699092230326   0.2604781857796762   
0.3663533482651333   0.46395605374196397   0.3663533482651333   0.46395605374196397   0.1716203491147862   0.268974102248241   
0.4154889779246795   0.6495406798631345   0.4154889779246795   0.6495406798631345   0.2650743089753029   0.31170123197954575   
0.4839049370459838   0.8062423935797326   0.4839049370459838   0.8062423935797326   0.30028144827563596   0.3328310625908312   
0.42999930377383977   0.7599596688460992   0.42999930377383977   0.7599596688460992   0.31384092459242985   0.33506355863829757   
0.41791176612698155   0.7010173218681098   0.41791176612698155   0.7010173218681098   0.32591137516260993   0.34904616672735594   
0.5136307331143647   0.9095460336976898   0.5136307331143647   0.9095460336976898   0.3243672517519274   0.3442712827679762   
