0.5   0.5   0.5   0.5   0.0   0.0   
0.40559363091430173   0.40766935514187475   0.40559363091430173   0.40766935514187475   0.3333333333388592   0.3333333333397836   
0.48410043165425937   0.4577335914165962   0.48410043165425937   0.4577335914165962   0.13172538398508085   0.1203366407465225   
0.4390739653379946   0.42330244714953646   0.4390739653379946   0.42330244714953646   0.18357077919861164   0.17666307112974317   
0.389713494854527   0.41069328054714627   0.389713494854527   0.41069328054714627   0.2114924295696228   0.22964320283255876   
0.3931906518361307   0.3465487460357586   0.3931906518361307   0.3465487460357586   0.2768909913394804   0.2878707973062774   
0.4304746749805501   0.35133997521683413   0.4304746749805501   0.35133997521683413   0.29883684531655924   0.3166183016304131   
0.44857091260061793   0.3401100263715469   0.44857091260061793   0.3401100263715469   0.29225770294943904   0.3048562569611152   
0.4538163546592236   0.3346524004690867   0.4538163546592236   0.3346524004690867   0.30565298534933294   0.31167247398203557   
0.44124350468189794   0.3607893454557915   0.44124350468189794   0.3607893454557915   0.3260904006220606   0.3123966960492324   
