44 2 3 1 0 0 1 2 1 1 3 2 3 2 4 2 0 2 4 2 2 1 0 1 2 1 3 1 0 10 
48 6 4 0 4 3 5 3 4 0 6 3 4 3 5 3 0 3 6 3 3 5 1 6 5 2 0 2 0 58 
59 9 6 4 6 5 8 4 0 2 8 4 6 4 0 6 2 6 8 7 4 10 2 7 6 3 0 5 0 95 
72 0 7 6 11 8 12 6 4 5 9 6 7 7 0 0 3 7 0 10 6 13 5 8 7 4 0 7 1 132 
76 1 10 9 12 10 14 10 7 0 10 0 10 11 1 0 5 10 2 11 9 15 8 10 8 11 2 0 2 171 
83 2 12 12 14 11 16 14 0 3 14 1 12 13 2 2 8 12 4 0 0 17 9 11 10 15 7 0 0 212 
92 3 15 13 15 12 18 20 3 4 16 4 14 15 4 3 11 13 5 1 3 22 0 12 0 16 8 6 0 249 
98 6 19 14 19 15 21 21 5 0 21 5 18 17 5 6 0 16 6 0 6 0 0 16 2 17 9 8 1 288 
109 11 20 0 21 16 0 22 7 0 22 7 19 19 7 10 2 18 7 2 8 4 1 17 5 22 10 9 0 328 
114 0 21 5 24 17 4 23 0 3 24 8 20 0 11 11 6 0 9 4 10 5 0 19 8 23 12 10 1 375 
