36 3 2 3 1 1 4 4 1 2 6 4 1 1 2 3 2 3 0 2 2 2 2 2 1 3 2 2 3 0 
55 8 3 5 3 0 7 7 2 4 9 10 6 4 7 6 3 5 4 6 4 5 4 6 3 6 3 4 0 7 
65 10 6 7 5 2 8 12 3 7 0 12 8 6 8 7 0 0 8 9 5 7 8 8 8 7 6 5 0 42 
71 12 7 10 6 5 0 14 4 12 2 13 10 8 11 0 2 3 0 11 10 12 9 9 0 9 12 6 0 80 
84 14 10 12 0 6 2 16 6 0 5 16 0 10 14 2 3 4 0 13 0 0 10 15 1 10 14 8 0 123 
91 18 12 13 1 8 3 17 10 1 9 18 1 13 17 0 4 6 2 14 3 3 13 16 3 12 16 10 0 162 
94 20 0 16 4 11 0 21 0 4 12 19 3 15 0 3 5 9 3 15 7 6 16 18 5 15 17 14 1 201 
112 22 1 18 8 13 1 23 4 5 14 23 0 18 1 4 6 10 4 20 8 10 18 0 7 16 0 0 2 234 
134 23 3 20 11 14 3 27 0 7 15 0 1 19 4 6 0 14 6 23 10 11 19 1 8 17 1 2 0 268 
148 0 8 21 17 16 5 30 1 9 0 3 2 20 0 9 3 15 8 24 12 0 20 3 9 22 3 4 0 302 
