45 2 2 3 1 2 1 0 1 1 0 1 1 0 1 2 2 4 3 0 1 2 3 3 1 4 4 2 1 7 
92 0 5 5 2 6 3 1 2 2 0 4 4 3 2 0 0 6 6 0 2 5 5 6 2 5 5 3 0 17 
129 2 7 7 7 8 7 0 0 3 2 6 0 0 4 3 5 9 9 1 3 8 8 7 0 6 8 0 0 29 
182 5 8 10 8 12 8 1 1 5 3 7 1 1 6 5 6 10 16 3 5 9 9 9 2 8 9 0 0 0 
215 6 12 0 9 16 0 0 5 0 4 12 0 3 8 7 8 14 17 5 6 11 11 10 3 12 10 1 0 19 
224 8 0 4 13 0 3 2 7 1 6 15 0 5 11 8 12 15 20 7 11 14 12 13 8 15 12 0 0 49 
229 9 3 8 15 2 0 6 10 2 11 18 1 6 12 9 13 18 21 9 13 0 0 0 0 18 14 1 0 97 
239 0 5 9 20 3 1 10 11 6 16 19 5 0 0 10 16 19 0 12 15 0 1 2 3 20 0 3 0 138 
242 3 7 11 24 4 2 12 12 0 18 22 10 3 0 12 18 20 2 13 21 1 2 4 4 22 0 10 0 178 
243 5 0 13 25 0 3 14 15 1 19 24 12 5 3 17 19 22 6 17 24 2 3 7 5 23 3 11 0 225 
