29 3 2 4 3 1 3 2 4 0 1 3 6 3 3 5 3 2 1 1 3 5 4 0 3 0 5 1 0 0 
30 10 5 5 6 5 7 3 8 3 6 4 0 5 5 6 6 5 3 3 6 6 5 2 5 4 0 4 3 29 
39 12 7 7 9 8 9 6 10 0 7 7 5 0 6 7 10 0 0 4 7 8 7 5 6 7 1 7 0 69 
50 15 8 9 10 9 13 0 12 2 9 12 6 2 0 0 11 0 1 5 9 10 8 11 8 10 0 0 0 113 
56 19 11 12 11 11 15 0 15 0 10 13 0 5 2 2 12 1 5 7 13 11 11 0 11 11 3 3 0 154 
61 0 0 0 13 16 18 1 0 3 0 14 1 7 0 3 13 2 9 10 14 0 16 3 12 13 4 4 3 204 
69 3 2 0 14 18 20 5 1 6 0 15 3 9 2 6 15 5 0 11 0 3 0 6 13 15 9 6 0 246 
76 4 5 3 15 19 25 11 0 7 1 18 7 13 4 7 18 6 1 17 2 4 0 0 14 16 13 9 0 280 
84 6 6 7 16 20 26 13 3 9 3 20 0 15 7 9 19 8 4 19 4 5 6 1 15 18 16 11 0 318 
85 9 11 9 19 22 27 14 7 0 4 21 2 16 11 0 0 9 7 20 5 7 10 3 16 21 21 13 0 362 
