0.5   0.5   0.5   0.5   0.0   0.0   
0.4950968888470024   0.4943156674545779   0.4950968888470024   0.4943156674545779   0.3357314148730732   0.335731414874425   
0.6227774106878651   0.6849594126908395   0.6227774106878651   0.6849594126908395   0.13725936593329885   0.14796733652361693   
0.5651429845840775   0.7257615856844601   0.5651429845840775   0.7257615856844601   0.19512589312674702   0.22321344097974996   
0.5061553074672563   0.6092094775089055   0.5061553074672563   0.6092094775089055   0.2637680205908239   0.28644766315147147   
0.5810728666216785   0.6839601941597481   0.5810728666216785   0.6839601941597481   0.2895216422788544   0.3095055054705452   
0.6449256855554383   0.8402946662247279   0.6449256855554383   0.8402946662247279   0.32942228196773987   0.34882444594064305   
0.6166366310738377   0.7731167090910513   0.6166366310738377   0.7731167090910513   0.3460708073337391   0.3473758509272471   
0.5528842444907781   0.7056898179244753   0.5528842444907781   0.7056898179244753   0.3509522460677892   0.3687947064138439   
0.6906115110682994   0.8884055646613709   0.6906115110682994   0.8884055646613709   0.35796156919472555   0.37322489974843215   
