0.5   0.5   0.5   0.5   0.0   0.0   
0.4060274223593996   0.4324717414091582   0.4060274223593996   0.4324717414091582   0.0   0.2926188011622243   
0.5848258291479774   0.551373251876282   0.5848258291479774   0.551373251876282   0.1397837645300581   0.12605455277324393   
0.4941536876711453   0.5330949431488625   0.4941536876711453   0.5330949431488625   0.17973174634568032   0.16937942216081892   
0.49280922603752575   0.5356038518001033   0.49280922603752575   0.5356038518001033   0.2097245791777097   0.19660595301942507   
0.5357020932348708   0.5199749715524596   0.5357020932348708   0.5199749715524596   0.24118507622090526   0.2315885901185346   
0.5301698578153908   0.5293949240593293   0.5301698578153908   0.5293949240593293   0.3069087785380176   0.3015733791379439   
0.534313391068029   0.5785249607031999   0.534313391068029   0.5785249607031999   0.2964013560784867   0.28976891215231004   
0.493700115894316   0.5750240856154087   0.493700115894316   0.5750240856154087   0.32916427962867195   0.31887426923807255   
0.5013341461676754   0.5876810712088122   0.5013341461676754   0.5876810712088122   0.33607602349309545   0.3327472800529067   
