0.5   0.5   0.5   0.5   0.0   0.0   
0.4735169481917942   0.49027394413935   0.4735169481917942   0.49027394413935   0.0   0.3021417594964779   
0.5063502139241608   0.49786127140044223   0.5063502139241608   0.49786127140044223   0.12753922310241717   0.1201569343410785   
0.47276800784955525   0.49325948719022006   0.47276800784955525   0.49325948719022006   0.20425566337545747   0.1904604941736909   
0.5000304279059254   0.570722191372333   0.5000304279059254   0.570722191372333   0.2570297062413946   0.2348332827500714   
0.5451147106363293   0.5471183769265192   0.5451147106363293   0.5471183769265192   0.30243018175518255   0.29190532593912066   
0.5606181050700277   0.5475202445179704   0.5606181050700277   0.5475202445179704   0.327323157144271   0.3181713575908143   
0.5549878395637564   0.5461006294096438   0.5549878395637564   0.5461006294096438   0.34312107962904204   0.3445617102694869   
0.5561095006067514   0.544699031262748   0.5561095006067514   0.544699031262748   0.3484176784564417   0.34181470108808726   
0.5768051758846586   0.5362075100654571   0.5768051758846586   0.5362075100654571   0.3740527620014977   0.36604793788038525   
