46 2 3 2 3 0 0 1 1 2 0 1 3 3 3 4 2 0 1 2 2 2 4 1 1 1 1 2 0 7 
87 0 6 3 6 2 0 5 4 3 2 5 5 5 4 6 3 2 6 0 0 5 5 0 4 3 3 6 0 13 
142 0 7 9 8 5 1 6 5 7 4 7 6 6 7 8 6 0 0 1 3 6 6 1 6 5 4 0 0 0 
187 1 0 13 11 0 3 7 6 8 0 8 0 7 10 0 0 1 2 0 7 8 9 2 7 6 10 0 0 16 
199 2 2 16 12 2 7 8 8 11 7 0 1 9 11 2 2 3 0 2 11 9 11 5 9 8 12 2 0 48 
226 3 4 17 14 4 11 11 9 0 8 4 6 12 12 3 3 4 2 0 14 13 13 10 12 10 13 4 0 64 
262 7 0 18 15 6 13 15 10 1 9 6 8 0 14 6 4 6 5 3 16 17 15 11 13 13 17 0 0 76 
273 0 1 20 18 7 14 18 13 0 10 10 0 3 0 9 5 0 6 6 17 21 18 15 18 16 19 1 0 112 
281 1 2 0 20 8 0 19 14 1 12 13 2 5 0 16 8 0 9 7 20 24 20 0 20 17 21 2 0 159 
283 3 3 2 22 0 2 22 15 0 15 15 3 7 1 21 9 0 11 10 23 0 24 3 22 18 0 3 0 210 
