0.5   0.5   0.5   0.5   0.0   0.0   
0.43165787290538216   0.48464934258356374   0.43165787290538216   0.48464934258356374   0.3357312925221235   0.3357312925234419   
0.8805539644873026   0.6746719722504376   0.8805539644873026   0.6746719722504376   0.14844619680915688   0.1730292600987428   
0.8896012092311801   0.5987814915818997   0.8896012092311801   0.5987814915818997   0.17033280645275412   0.21401355949635098   
0.5764526365983071   0.5702735327379462   0.5764526365983071   0.5702735327379462   0.20044649232379746   0.23815621193848274   
0.6110246293794305   0.598796874796079   0.6110246293794305   0.598796874796079   0.23604897741504804   0.27225793035384854   
0.6768771438213744   0.6993113233071827   0.6768771438213744   0.6993113233071827   0.25811829964018346   0.29102021649792187   
0.6075511760588205   0.6507660095994277   0.6075511760588205   0.6507660095994277   0.2802400655698203   0.30422356955511504   
0.5485310211128059   0.561309104814755   0.5485310211128059   0.561309104814755   0.3010285044744806   0.3178790070773503   
0.675551281189812   0.743357085729988   0.675551281189812   0.743357085729988   0.3184693551853562   0.3336932396593072   
