41 2 2 4 2 2 2 2 1 1 1 3 4 5 0 2 1 2 3 3 0 1 1 2 1 5 1 2 0 4 
49 5 0 8 3 0 0 4 0 4 4 5 0 7 1 6 0 3 7 7 2 2 0 6 4 7 2 4 0 47 
59 10 0 0 4 1 2 7 1 6 0 7 2 10 2 8 5 6 0 10 4 5 2 8 5 0 0 5 0 90 
67 12 1 3 5 6 0 10 2 10 1 8 6 13 5 9 6 7 1 12 6 7 3 9 6 1 2 6 0 133 
81 14 2 5 7 7 4 0 6 0 6 9 7 15 7 11 7 8 5 14 8 0 5 0 0 0 3 8 1 174 
93 16 4 0 8 0 6 2 8 0 8 0 0 16 8 14 8 10 10 16 9 2 0 0 2 1 4 10 2 224 
100 17 6 4 10 2 7 3 9 2 10 0 2 18 11 15 10 12 0 17 0 4 3 2 3 3 6 12 3 271 
109 19 8 0 13 4 10 5 0 7 12 3 3 19 13 16 12 14 0 20 2 0 7 3 4 6 7 0 0 314 
116 20 9 4 16 6 0 8 3 8 13 5 6 20 15 18 0 16 1 23 4 2 9 5 5 10 11 1 1 353 
122 23 0 6 0 9 1 9 5 12 0 7 11 22 17 20 1 20 5 0 5 4 0 0 7 0 14 4 2 397 
