0.5   0.5   0.5   0.5   0.0   0.0   
0.44941401905790757   0.43711380143750206   0.44941401905790757   0.43711380143750206   0.3357314148737475   0.33573141487434166   
0.6125226769952498   0.6402009768049817   0.6125226769952498   0.6402009768049817   0.1304542261149688   0.1588768867424271   
0.5410961800674357   0.6371266298363231   0.5410961800674357   0.6371266298363231   0.1758302985027206   0.21787869071186441   
0.4355866345643748   0.5691033203626493   0.4355866345643748   0.5691033203626493   0.2295369065224144   0.26139496881158586   
0.4960548967871068   0.7444763245279501   0.4960548967871068   0.7444763245279501   0.26747576768166104   0.2903603920509604   
0.5584242603990344   0.8605913068710345   0.5584242603990344   0.8605913068710345   0.29602524639332345   0.3119199363374642   
0.5167413013227501   0.7369652752304686   0.5167413013227501   0.7369652752304686   0.3122783290606738   0.32924765542647894   
0.49800581259263665   0.6817936828531103   0.49800581259263665   0.6817936828531103   0.3320914374371159   0.3359842017433418   
0.6286528251926922   0.8698107451291754   0.6286528251926922   0.8698107451291754   0.35033875540615667   0.35649087703889054   
