47 0 3 1 1 3 1 2 3 6 2 3 1 1 1 1 3 1 2 0 0 1 0 2 5 1 2 0 1 6 
54 1 7 0 0 0 2 3 6 8 5 4 0 4 0 0 5 2 3 2 2 3 5 5 6 3 5 5 0 51 
103 3 8 4 1 2 6 5 0 10 6 6 2 8 1 0 6 0 4 4 6 4 6 8 9 6 8 6 0 0 
142 7 9 0 3 0 10 7 2 12 8 8 6 12 3 3 9 1 11 6 10 0 7 9 12 7 0 0 0 4 
179 9 10 5 5 0 15 10 4 17 10 10 10 13 4 0 10 0 14 0 11 0 10 10 13 10 1 3 0 15 
223 11 12 6 9 4 16 12 6 18 13 11 11 16 5 1 11 1 16 1 14 3 0 13 16 12 3 6 0 18 
260 12 0 8 14 5 18 15 12 19 15 0 13 20 6 3 14 2 20 2 15 5 2 14 17 16 5 7 0 26 
300 15 0 14 17 8 0 20 14 21 17 0 14 22 10 4 16 5 22 4 0 0 7 15 0 0 8 8 1 32 
333 17 1 16 18 11 1 24 15 23 19 3 16 25 0 7 20 6 26 6 2 0 10 16 1 1 0 0 0 50 
356 23 0 17 20 12 2 26 0 0 21 4 0 27 4 9 21 8 0 9 3 1 14 17 2 5 2 1 0 82 
