33 0 4 2 2 2 1 3 2 2 5 3 2 4 1 2 3 1 0 4 3 1 1 1 3 2 2 2 1 8 
36 1 9 3 3 5 3 0 0 6 9 6 6 7 2 4 6 4 3 7 5 2 3 3 6 5 4 3 0 43 
69 6 11 8 0 7 4 2 0 8 10 8 8 8 6 5 9 7 0 13 7 3 0 6 9 10 5 5 0 51 
109 7 15 11 3 8 5 3 2 11 12 10 11 11 7 8 12 10 0 15 10 0 3 0 13 12 7 7 0 54 
146 10 18 13 6 0 10 4 5 14 14 12 0 12 0 0 0 12 1 16 11 2 6 1 16 16 8 0 0 70 
180 12 0 16 9 2 12 6 8 18 17 14 2 14 0 1 0 15 2 22 14 3 7 2 18 18 9 2 0 82 
209 15 2 0 11 4 15 9 10 20 18 18 0 15 3 3 2 19 6 24 15 5 0 0 19 0 0 4 1 104 
232 16 4 2 0 5 16 11 12 22 19 19 2 19 7 6 4 21 8 28 16 0 0 1 20 2 2 6 2 133 
261 17 5 3 2 6 17 12 14 26 0 21 4 0 8 8 5 0 13 30 17 2 2 3 21 3 6 7 0 161 
275 19 7 4 3 8 22 14 16 0 2 0 5 1 0 0 7 0 20 0 20 5 5 4 22 0 9 0 0 203 
