54 1 1 0 2 0 3 0 2 1 1 1 3 2 3 3 1 1 2 3 2 2 1 2 2 1 1 1 0 4 
92 3 2 2 5 1 4 2 3 3 7 0 0 5 4 4 3 5 4 5 5 7 4 3 0 5 0 3 0 12 
131 0 4 6 7 0 5 4 6 0 8 2 2 7 5 5 4 6 0 10 10 9 8 5 1 7 5 4 0 21 
170 0 7 7 9 5 7 6 9 3 10 0 6 10 6 6 5 7 2 15 0 0 9 7 2 8 7 5 0 33 
210 1 8 9 0 7 8 0 0 4 11 1 7 12 8 10 10 11 4 16 1 5 0 0 3 0 0 10 1 49 
239 3 9 10 3 0 11 4 3 5 12 0 0 14 10 13 11 12 0 19 4 6 1 2 6 0 2 14 0 73 
264 7 10 12 4 2 13 9 4 10 13 1 1 15 12 15 12 0 2 21 0 10 4 4 0 2 4 16 0 97 
273 9 0 15 6 3 15 15 5 11 17 3 3 18 0 17 14 0 3 23 5 14 0 0 3 4 6 0 0 136 
288 11 2 0 8 4 0 18 7 13 18 4 6 19 1 19 16 0 5 24 7 16 0 3 6 7 0 3 1 176 
306 12 3 5 9 7 2 21 8 18 19 0 8 20 2 21 19 0 10 26 11 21 3 4 8 0 1 7 0 199 
