0.5   0.5   0.5   0.5   0.0   0.0   
0.382505691813607   0.46160738577873844   0.382505691813607   0.46160738577873844   0.0   0.32828061049051954   
0.5574581761203541   0.543416402535487   0.5574581761203541   0.543416402535487   0.12166084575125424   0.1259004750947743   
0.5267037569357508   0.4944785244060475   0.5267037569357508   0.4944785244060475   0.17323722835902325   0.2018604443560227   
0.5468415138052034   0.5259557621927378   0.5468415138052034   0.5259557621927378   0.26759027197580604   0.2721704827945758   
0.4738258024067541   0.5054324075312959   0.4738258024067541   0.5054324075312959   0.3051272707528494   0.30657183074956496   
0.5002540205257491   0.546351889059838   0.5002540205257491   0.546351889059838   0.3515513059969054   0.3428494126793257   
0.5221622815910099   0.5880940615413506   0.5221622815910099   0.5880940615413506   0.3414682598010815   0.34756080883581314   
0.5334079475840611   0.6347432274839458   0.5334079475840611   0.6347432274839458   0.3659720158407278   0.36638775870923956   
0.515061904753194   0.6354071992841974   0.515061904753194   0.6354071992841974   0.3854284059343966   0.39732924396024505   
