48 0 2 1 2 1 0 1 2 3 0 4 1 3 0 2 3 1 1 2 1 0 1 2 4 5 1 3 0 6 
67 1 6 2 4 0 3 4 3 5 4 6 3 7 0 0 0 3 4 4 3 2 2 3 6 7 3 0 0 39 
87 6 0 4 5 4 4 5 4 7 7 7 5 11 2 0 0 7 0 0 0 4 5 5 10 0 4 1 0 73 
88 8 1 5 7 6 6 0 0 8 10 8 0 16 4 2 2 11 3 0 0 8 0 7 12 3 7 0 0 125 
98 12 0 7 8 0 7 2 1 10 11 11 2 21 7 5 0 0 5 0 1 9 0 8 0 8 9 1 0 172 
108 13 1 9 11 0 8 0 2 11 15 12 6 25 11 0 3 2 6 2 2 10 1 10 0 12 12 2 1 213 
0 15 0 13 14 4 10 3 4 0 16 13 8 27 0 1 7 6 9 4 0 13 3 15 0 14 15 7 0 253 
5 18 2 0 18 0 13 4 7 2 18 0 0 0 3 3 8 8 11 6 2 0 4 17 1 15 16 9 0 306 
14 19 5 0 19 0 15 0 9 4 21 3 2 1 0 6 0 9 12 10 4 4 5 18 2 17 17 0 3 353 
18 21 6 2 0 1 18 3 0 5 24 8 4 2 2 12 0 10 13 13 5 5 9 19 3 18 0 1 0 402 
