38 1 2 4 1 2 4 3 4 2 4 1 3 1 0 2 2 3 1 4 0 4 1 0 2 1 4 4 2 0 
71 2 3 6 2 7 5 5 6 4 6 0 5 6 0 5 6 4 5 7 3 6 4 3 4 2 11 6 0 3 
113 5 6 9 4 11 7 8 8 5 8 0 6 7 1 7 0 6 6 0 0 9 6 6 5 0 14 10 1 11 
138 6 8 10 7 13 0 9 11 7 9 3 7 9 3 10 3 0 8 5 4 10 0 10 7 4 16 0 0 32 
184 8 0 11 9 18 0 0 0 10 13 4 0 0 5 14 4 4 0 8 6 13 1 0 8 5 19 2 1 40 
221 9 0 12 10 20 3 1 3 11 14 8 3 0 7 0 5 5 0 9 0 0 2 0 10 9 23 5 2 62 
244 12 3 0 11 0 0 4 0 13 17 9 7 2 10 3 7 8 2 13 1 2 4 0 13 10 26 9 0 84 
265 15 0 0 0 2 2 5 5 14 19 16 9 3 12 0 10 11 0 16 2 5 5 2 14 12 27 10 0 114 
287 0 2 2 1 4 4 6 6 15 0 20 0 4 0 1 11 12 1 19 4 0 0 4 17 13 30 0 1 156 
305 1 0 3 5 6 0 9 11 17 1 23 0 0 0 3 0 0 5 0 9 0 2 6 18 14 31 1 2 196 
