0.5   0.5   0.5   0.5   0.0   0.0   
0.4227272733957277   0.5402678552986662   0.4227272733957277   0.5402678552986662   0.0   0.29996549527223626   
0.4146457646174899   0.5991596442878162   0.4146457646174899   0.5991596442878162   0.11481641579950852   0.10352846311100754   
0.44298506306882723   0.6432025175129673   0.44298506306882723   0.6432025175129673   0.22428828801493483   0.16756315666329016   
0.48372543703393467   0.6570541567016827   0.48372543703393467   0.6570541567016827   0.28094238640324065   0.22744399732778053   
0.5179661278342441   0.6550504342900227   0.5179661278342441   0.6550504342900227   0.3010086724032509   0.24579242927269282   
0.5308410694301923   0.6735178311426017   0.5308410694301923   0.6735178311426017   0.32385018305409224   0.2667073555195885   
0.5554682929929332   0.652737477600674   0.5554682929929332   0.652737477600674   0.3383640469239249   0.3022983696400088   
0.5228456706231484   0.6719431671989939   0.5228456706231484   0.6719431671989939   0.35505287602352903   0.3199493954460752   
0.5334878724392228   0.6411817982595486   0.5334878724392228   0.6411817982595486   0.35223723104636345   0.33428506787833867   
