0.5   0.5   0.5   0.5   0.0   0.0   
0.36341941653256277   0.3803201945290843   0.36341941653256277   0.3803201945290843   0.0   0.3260703352831631   
0.5179050710680869   0.3977090201411435   0.5179050710680869   0.3977090201411435   0.12571734307961333   0.14164514419677834   
0.46811788221616785   0.3879033288944137   0.46811788221616785   0.3879033288944137   0.16513389212998844   0.19485646138969429   
0.4760805741947883   0.5079887525254067   0.4760805741947883   0.5079887525254067   0.1957554568609138   0.21482473338283978   
0.48958749641555477   0.5668356723924267   0.48958749641555477   0.5668356723924267   0.25702670758688156   0.25198106926281016   
0.5313324946721516   0.5658522057544125   0.5313324946721516   0.5658522057544125   0.30426186370651953   0.30125213465999867   
0.5352003134941129   0.5431451492737501   0.5352003134941129   0.5431451492737501   0.32846318173363764   0.32136267918437356   
0.5105489831042884   0.5450256404526143   0.5105489831042884   0.5450256404526143   0.3444486807195394   0.35977624521491064   
0.527075755248659   0.5684682212703055   0.527075755248659   0.5684682212703055   0.3448470386202275   0.35190016035310195   
