0.5   0.5   0.5   0.5   0.0   0.0   
0.4650044865953996   0.4511233360041047   0.4650044865953996   0.4511233360041047   0.3357312925221958   0.33573129252345807   
0.47994389606502913   0.5038915393556386   0.47994389606502913   0.5038915393556386   0.1545615537879438   0.11128227833899247   
0.4524374231423827   0.3860889764511371   0.4524374231423827   0.3860889764511371   0.14250655876470225   0.12912217790499658   
0.44593516117705784   0.3477871505532747   0.44593516117705784   0.3477871505532747   0.2596199963657782   0.25753580563927847   
0.45255625671185357   0.40887901311638974   0.45255625671185357   0.40887901311638974   0.2639604445370816   0.2708146155557444   
0.4376619784818139   0.39474329035528655   0.4376619784818139   0.39474329035528655   0.2805113115903336   0.2858110434868031   
0.4611960501606648   0.41767459684175745   0.4611960501606648   0.41767459684175745   0.30521034087961185   0.3042397169577504   
0.4298677022746132   0.4071061293659874   0.4298677022746132   0.4071061293659874   0.33232688686279455   0.3219914130577649   
0.4369319952448333   0.4034518763121271   0.4369319952448333   0.4034518763121271   0.3260620115849212   0.3144141961834538   
