0.5   0.5   0.5   0.5   0.0   0.0   
0.4533580288728741   0.4774798874306429   0.4533580288728741   0.4774798874306429   0.0   0.29984632874830364   
0.5614824759032179   0.4726182301945321   0.5614824759032179   0.4726182301945321   0.11540691883402933   0.11748460591580959   
0.5471925289094167   0.3354867680343049   0.5471925289094167   0.3354867680343049   0.17896969899986756   0.17618877222101195   
0.4912879310701508   0.2798072171145463   0.4912879310701508   0.2798072171145463   0.2290177976165391   0.24445614245099542   
0.465945442950825   0.3789988146996632   0.465945442950825   0.3789988146996632   0.25642432507743407   0.2820579518029977   
0.45162757765781414   0.3669348601119801   0.45162757765781414   0.3669348601119801   0.250764913316898   0.2971707888066821   
0.44722700634289353   0.384667604461426   0.44722700634289353   0.384667604461426   0.28097110693568667   0.31898813799418946   
0.46357445698971084   0.43497993767669296   0.46357445698971084   0.43497993767669296   0.2873364898607777   0.310179327350936   
0.45154380177217895   0.38942781670618504   0.45154380177217895   0.38942781670618504   0.29543675475112247   0.3285203651744696   
