36 2 1 2 1 4 1 1 0 3 1 3 4 3 2 0 4 2 0 6 2 0 4 2 0 2 3 1 0 10 
43 0 2 5 2 10 3 4 2 5 2 4 6 6 4 0 5 3 3 12 5 4 5 3 4 4 4 6 1 41 
0 2 4 9 5 13 0 6 8 9 4 7 8 7 0 3 8 0 4 13 7 5 7 7 5 5 5 7 0 86 
0 3 7 10 7 14 5 8 9 11 0 9 11 8 1 4 9 3 5 14 8 0 8 12 7 7 10 9 0 136 
5 4 9 12 0 18 6 0 11 12 2 11 14 11 4 0 11 5 7 17 0 1 11 15 10 10 12 12 1 177 
7 0 11 14 3 22 11 3 12 14 0 13 16 12 0 2 12 8 0 0 0 2 12 0 11 0 13 17 0 233 
8 2 0 16 4 25 16 6 15 16 2 15 17 13 2 3 14 12 2 1 2 0 16 0 12 2 16 19 0 279 
9 4 1 19 5 28 18 9 17 17 4 18 18 14 6 6 16 15 3 4 6 3 17 2 15 3 17 0 0 322 
17 7 3 21 7 0 21 12 0 18 6 19 20 17 0 7 17 0 6 0 7 0 19 5 17 6 20 0 0 371 
18 9 5 22 8 2 22 13 2 22 8 22 23 19 5 9 0 0 9 3 9 4 21 6 19 7 0 2 0 417 
