0.5   0.5   0.5   0.5   0.0   0.0   
0.36333041003677635   0.3342425211247828   0.36333041003677635   0.3342425211247828   0.0   0.3237072286778411   
0.5084127462471757   0.48156655559819667   0.5084127462471757   0.48156655559819667   0.11380234928213434   0.1257551745843052   
0.5293957320203141   0.4876400963947819   0.5293957320203141   0.4876400963947819   0.16484007535926778   0.2227303467897729   
0.5061458730376002   0.5356272385539742   0.5061458730376002   0.5356272385539742   0.2296369904906614   0.2850092514392322   
0.5176666331029617   0.4961117031651555   0.5176666331029617   0.4961117031651555   0.25414097940552743   0.2898199147241269   
0.538563155677923   0.5162690671707926   0.538563155677923   0.5162690671707926   0.30763646272984785   0.32275260350565   
0.5016847146059056   0.516584226286452   0.5016847146059056   0.516584226286452   0.30862451408843655   0.346903665441576   
0.5442602240323867   0.5550193264894187   0.5442602240323867   0.5550193264894187   0.3422013506118864   0.37689727783771687   
0.5368717420357564   0.5485840358140207   0.5368717420357564   0.5485840358140207   0.3549666532029213   0.3825859535828471   
