29 2 2 5 2 4 1 5 2 1 4 1 1 5 1 1 2 1 4 4 4 4 3 4 0 1 3 3 1 0 
30 4 3 6 5 8 2 6 5 2 12 4 4 7 0 4 5 2 6 6 8 8 5 7 1 3 7 4 0 34 
72 6 4 7 6 0 4 12 7 0 13 5 7 8 2 5 7 4 9 9 9 10 10 0 3 4 9 5 1 43 
100 9 6 10 7 0 8 15 9 1 15 7 8 9 3 0 0 7 13 10 13 13 16 0 5 8 0 9 0 58 
128 10 9 0 9 1 0 17 12 6 0 8 10 10 0 5 1 9 17 0 14 14 17 4 0 10 1 11 1 84 
144 11 13 2 10 4 2 18 0 7 3 9 11 11 5 6 2 11 21 3 15 15 19 9 2 15 3 12 3 110 
154 13 15 6 11 6 0 21 3 8 0 10 0 13 7 0 5 12 26 4 17 17 0 11 3 16 8 0 0 154 
164 14 0 12 13 7 1 0 4 0 1 12 2 0 11 2 7 15 29 6 19 19 0 0 6 21 10 1 2 194 
170 15 0 16 14 9 2 6 5 3 2 13 3 0 13 4 10 0 30 11 20 23 2 4 8 22 11 3 0 236 
181 17 2 18 18 0 3 0 7 4 3 14 6 5 0 0 0 5 33 0 24 25 3 5 11 24 13 4 1 276 
