45 3 1 2 5 2 2 1 2 3 2 0 1 0 2 3 2 1 1 4 0 3 1 2 2 1 0 2 2 5 
88 0 4 3 8 3 5 3 0 5 4 1 0 2 4 4 8 4 0 5 5 5 2 4 3 0 2 5 3 12 
124 2 6 6 0 0 6 6 2 6 6 5 1 0 0 7 9 5 1 7 0 6 6 6 7 3 5 7 0 28 
161 3 9 0 0 1 0 8 5 9 10 7 2 1 3 0 10 6 7 8 1 8 10 7 9 6 8 11 0 38 
188 5 13 2 0 5 2 10 7 11 12 11 5 3 0 0 12 10 9 9 0 11 13 8 11 0 9 0 1 60 
206 0 14 4 3 6 8 0 0 0 0 14 6 6 1 4 14 13 12 0 1 14 0 10 0 2 12 3 0 95 
212 3 17 5 4 8 0 1 3 2 1 15 9 10 3 7 17 0 13 2 4 15 1 11 0 3 17 5 0 139 
221 6 19 7 0 10 5 3 0 4 4 19 10 15 4 0 19 7 14 5 7 0 2 12 5 0 18 6 1 172 
237 0 20 11 1 11 7 7 6 6 0 21 12 0 5 1 20 9 15 7 9 2 0 14 11 1 20 0 0 208 
241 1 23 0 0 15 12 9 7 8 2 0 14 1 6 0 24 0 18 8 11 0 3 17 14 0 21 0 1 259 
