49 2 2 4 3 0 0 1 2 3 2 1 3 3 1 0 6 1 1 0 3 0 2 2 1 1 0 0 0 7 
56 5 3 5 5 3 0 0 3 7 3 0 4 0 5 2 8 0 3 4 5 2 6 6 0 0 3 1 0 53 
104 6 4 6 9 6 2 2 4 9 0 2 7 1 8 0 11 3 6 6 6 3 11 8 0 1 4 2 0 56 
153 7 8 8 10 9 3 0 0 12 2 5 10 0 0 3 15 4 7 9 7 4 13 9 4 2 0 6 0 58 
194 9 10 9 14 0 4 3 1 14 4 6 14 4 1 5 18 5 0 0 9 0 17 11 6 0 2 8 1 68 
237 0 12 0 17 1 6 5 2 15 6 9 16 5 4 6 20 0 3 1 11 5 19 16 7 1 0 9 0 78 
263 4 0 1 19 4 11 6 0 17 7 11 17 9 8 7 21 3 4 9 14 7 22 0 8 3 1 10 0 95 
296 9 1 2 0 5 15 8 2 18 8 14 19 10 0 13 0 4 5 10 17 8 26 2 9 4 4 12 1 111 
312 10 2 8 3 7 16 9 3 0 9 18 22 11 5 14 3 5 6 12 18 9 28 4 10 6 5 15 2 143 
325 11 4 10 8 10 18 11 0 1 10 20 23 14 7 15 5 7 7 15 20 12 30 9 11 8 6 0 0 178 
