0.5   0.5   0.5   0.5   0.0   0.0   
0.4370149399803115   0.40140615440556454   0.4370149399803115   0.40140615440556454   0.33571428571948403   0.3357142857207403   
0.4342073905225681   0.4552502749168815   0.4342073905225681   0.4552502749168815   0.16780102954876291   0.1247434006126663   
0.4297021803564541   0.3943194970379328   0.4297021803564541   0.3943194970379328   0.1899524182342479   0.16772185293123998   
0.4216276272784763   0.40685650818678476   0.4216276272784763   0.40685650818678476   0.24298005450773336   0.2521363571522019   
0.4001745331522286   0.4157822399742945   0.4001745331522286   0.4157822399742945   0.2881100359300157   0.30143480303160225   
0.4211057716371283   0.44584823695049025   0.4211057716371283   0.44584823695049025   0.32358022315936497   0.3263425309530196   
0.4068236426949033   0.4437080918164793   0.4068236426949033   0.4437080918164793   0.3265781381817246   0.337605687553313   
0.4122518989012629   0.4534102175499078   0.4122518989012629   0.4534102175499078   0.3353748199431062   0.34330555437376853   
0.4116694038377758   0.4566232806212386   0.4116694038377758   0.4566232806212386   0.3506993558362196   0.3559702222902698   
