40 3 1 3 1 2 2 1 1 1 1 1 0 3 4 2 1 1 0 2 2 1 0 3 1 5 4 1 1 12 
79 5 3 5 4 0 0 3 5 3 3 3 2 5 7 4 0 4 1 3 3 2 4 5 6 6 8 0 2 19 
129 7 4 0 0 1 3 5 8 5 5 4 3 0 9 6 0 0 4 6 4 5 7 10 7 0 15 2 0 0 
175 10 9 3 2 3 0 8 0 10 6 9 4 0 11 8 1 0 5 8 9 9 8 11 9 0 17 3 0 0 
217 0 12 4 4 5 0 10 1 14 0 13 5 2 14 10 0 2 7 10 11 12 12 13 10 1 18 4 0 10 
254 3 14 0 7 7 0 13 2 17 2 15 8 4 18 14 0 0 8 11 14 15 15 16 12 2 23 6 0 15 
305 6 0 0 10 9 2 0 5 19 6 18 9 5 21 16 0 2 9 12 15 18 17 17 14 3 25 8 0 17 
359 8 1 3 0 10 6 1 7 21 0 21 10 8 22 18 2 0 12 0 18 0 18 18 15 7 26 9 0 20 
405 0 4 6 2 11 0 4 9 24 1 25 0 9 24 22 5 2 14 0 19 3 0 0 0 10 27 0 0 30 
445 2 5 7 5 0 4 5 12 27 0 26 4 14 26 23 6 3 16 4 21 0 2 2 1 13 32 1 0 35 
