30 2 3 1 3 1 4 2 4 1 2 4 4 0 0 1 1 3 0 4 5 4 7 4 4 2 2 1 1 0 
31 6 5 8 0 2 9 6 5 2 3 7 8 0 2 4 4 7 3 5 9 7 11 5 7 4 4 5 3 25 
71 8 0 10 1 4 11 8 9 0 5 8 11 0 0 6 8 9 4 11 11 12 12 6 0 8 5 6 4 33 
103 9 1 12 5 6 14 9 11 2 6 10 14 2 2 7 9 10 8 12 14 13 16 8 4 0 8 7 0 47 
126 10 3 15 6 9 16 11 13 4 7 12 15 6 3 10 0 12 9 14 0 15 18 9 7 3 9 10 0 74 
160 11 5 18 8 14 19 12 16 5 8 13 16 8 6 11 3 13 11 16 4 17 19 0 10 0 12 0 0 89 
193 13 7 19 10 17 21 13 20 7 10 14 17 9 7 12 4 0 13 18 8 19 0 1 0 4 16 2 0 108 
220 14 0 21 0 20 24 14 22 8 0 0 18 12 9 13 11 2 14 0 9 20 1 7 5 7 0 3 1 132 
226 15 3 23 3 21 26 0 27 9 1 1 21 13 0 16 13 5 18 4 11 22 4 0 0 10 3 5 2 170 
236 19 0 26 0 26 28 2 29 0 0 2 22 16 3 0 19 6 21 10 12 0 0 1 0 12 7 7 0 208 
