44 3 5 1 1 3 2 1 1 3 2 1 3 1 2 3 0 0 3 4 0 5 4 1 0 2 3 2 0 0 
53 5 7 2 6 5 5 3 2 6 5 3 5 3 5 6 1 0 5 5 2 11 5 6 0 3 5 5 1 30 
97 9 8 3 8 6 0 5 6 0 10 5 6 5 10 0 0 3 6 0 5 12 7 7 4 0 6 6 2 38 
134 10 9 6 10 7 2 6 9 2 12 7 10 6 0 4 4 4 7 2 8 15 8 0 8 1 9 7 0 48 
150 11 10 9 12 11 4 10 0 0 0 8 11 8 1 7 8 5 0 0 10 18 10 3 9 2 10 11 0 85 
172 12 11 10 14 12 5 11 2 4 1 0 12 12 3 0 9 6 1 2 14 19 11 5 11 4 12 12 0 121 
198 15 13 14 15 15 7 0 6 10 0 0 0 14 4 0 10 7 3 3 0 23 13 7 13 5 13 15 0 147 
228 16 14 15 0 0 0 2 0 15 3 2 3 15 5 2 12 10 4 4 2 24 16 8 14 6 15 17 1 174 
243 0 17 18 2 2 1 3 1 17 4 7 5 17 9 6 13 12 6 5 7 25 17 9 16 7 0 19 0 207 
253 1 20 21 3 3 2 4 0 23 6 8 8 19 0 7 14 14 8 7 0 26 20 11 17 10 1 23 0 249 
