0.5   0.5   0.5   0.5   0.0   0.0   
0.4153679660363649   0.4977884378253241   0.4153679660363649   0.4977884378253241   0.0   0.3283486316215513   
0.5816758786963744   0.4854410621704592   0.5816758786963744   0.4854410621704592   0.13737981304538946   0.14616411202135338   
0.5460270658572788   0.46283160952771424   0.5460270658572788   0.46283160952771424   0.1776280723812872   0.2019737671844093   
0.5138274879203776   0.5269773012275583   0.5138274879203776   0.5269773012275583   0.2523496788334621   0.26548790859487387   
0.5187762433514076   0.529799320456987   0.5187762433514076   0.529799320456987   0.2832758754447619   0.29416692813953293   
0.5345186295287112   0.5822500059278335   0.5345186295287112   0.5822500059278335   0.29249126401192743   0.2996288919158154   
0.5246433418126352   0.5928766759242325   0.5246433418126352   0.5928766759242325   0.3029270020373011   0.30993196391624794   
0.5577265232789524   0.615484043531469   0.5577265232789524   0.615484043531469   0.307636603671769   0.3161910052617866   
0.5478966626198396   0.6198837389674776   0.5478966626198396   0.6198837389674776   0.3478106783200355   0.34979516251702564   
