0.5   0.5   0.5   0.5   0.0   0.0   
0.47265657042419623   0.30164883082189353   0.47265657042419623   0.30164883082189353   0.33573141487426056   0.335731414874511   
0.7038910365609095   0.45536707403537086   0.7038910365609095   0.45536707403537086   0.12631705976051652   0.17097402717020466   
0.7144760931062407   0.37364095273842074   0.7144760931062407   0.37364095273842074   0.17030469930145312   0.24664352088234065   
0.5302108659321377   0.4009992441606159   0.5302108659321377   0.4009992441606159   0.2107661269920612   0.2721873373884587   
0.5801038695153161   0.4452375972314226   0.5801038695153161   0.4452375972314226   0.19163404231398345   0.2665942884896834   
0.6109533189888051   0.4720411857308363   0.6109533189888051   0.4720411857308363   0.22604012571618837   0.29674496204229345   
0.5041581573795147   0.4105543523163038   0.5041581573795147   0.4105543523163038   0.22309417220095804   0.29628781379337915   
0.4160496058423919   0.3569450468822966   0.4160496058423919   0.3569450468822966   0.2469587448079976   0.32322176813940595   
0.515681027949777   0.45011945880943505   0.515681027949777   0.45011945880943505   0.2442600480268575   0.32131269794023015   
