0.5   0.5   0.5   0.5   0.0   0.0   
0.4633506091155018   0.4019057196192549   0.4633506091155018   0.4019057196192549   0.33573141487373936   0.33573141487432984   
0.46872291214701595   0.36791826669833744   0.46872291214701595   0.36791826669833744   0.14695951949662517   0.13826246454710325   
0.39545949618061343   0.4481720465632888   0.39545949618061343   0.4481720465632888   0.19112427393234604   0.23048488574049142   
0.37000018738131524   0.4832686725074063   0.37000018738131524   0.4832686725074063   0.18938464809385006   0.23249628083938176   
0.3524982793970774   0.5414587536258886   0.3524982793970774   0.5414587536258886   0.27738310782496195   0.2801490290958639   
0.342452507640498   0.5736334356957843   0.342452507640498   0.5736334356957843   0.3232945578912232   0.3220727363005986   
0.352639520981273   0.5701285726386139   0.352639520981273   0.5701285726386139   0.31956734598142467   0.3421677329399687   
0.3725404198781277   0.5982580691267371   0.3725404198781277   0.5982580691267371   0.3385161974861884   0.3727065711056436   
0.3753881264693816   0.619832829397619   0.3753881264693816   0.619832829397619   0.34352716951066864   0.3799398187350044   
