0.5   0.5   0.5   0.5   0.0   0.0   
0.4091437272433635   0.3713086612590591   0.4091437272433635   0.3713086612590591   0.0   0.31651360544818474   
0.5824379985917445   0.5013037721892056   0.5824379985917445   0.5013037721892056   0.12886064720028723   0.1339388709124448   
0.4979542006969246   0.46605520895034686   0.4979542006969246   0.46605520895034686   0.20162681745301025   0.2239001555175708   
0.4681959637650265   0.38715898626242734   0.4681959637650265   0.38715898626242734   0.22100475632472513   0.2352651713695851   
0.5087829923068211   0.4768300396554708   0.5087829923068211   0.4768300396554708   0.2788766630745725   0.27624008389417515   
0.5211251366199926   0.49317716801091527   0.5211251366199926   0.49317716801091527   0.2995754056802717   0.30190853030170545   
0.5481617161943102   0.558276859982362   0.5481617161943102   0.558276859982362   0.3007787822115165   0.30492238778757297   
0.5006757010683722   0.5393415567272433   0.5006757010683722   0.5393415567272433   0.31612053386854944   0.33243240880074953   
0.5251940506300008   0.5841487862004738   0.5251940506300008   0.5841487862004738   0.32117577446927753   0.3372281460358371   
