0.5   0.5   0.5   0.5   0.0   0.0   
0.4674193906470409   0.4887425049729169   0.4674193906470409   0.4887425049729169   0.33573141487284053   0.3357314148744926   
0.8999796309671712   0.6568867472001044   0.8999796309671712   0.6568867472001044   0.15928426742989588   0.18137059786437804   
0.8561148656030498   0.6282577245391185   0.8561148656030498   0.6282577245391185   0.20797791284441805   0.22612237445393782   
0.59538372169542   0.5334887247294253   0.59538372169542   0.5334887247294253   0.234138389197384   0.2521895769913493   
0.6563222691135558   0.6104342501819779   0.6563222691135558   0.6104342501819779   0.26926539481861034   0.2826510548692818   
0.6974948296543823   0.6817204414160257   0.6974948296543823   0.6817204414160257   0.2785515134070354   0.2979938342688513   
0.6226808640186831   0.6108613670492193   0.6226808640186831   0.6108613670492193   0.28441447166635964   0.30737371109169975   
0.5427782335585447   0.56850604420829   0.5427782335585447   0.56850604420829   0.293101544059857   0.3283780851867493   
0.6758386149290343   0.7154298647389639   0.6758386149290343   0.7154298647389639   0.30190279787713054   0.3400340630282106   
