48 3 1 4 2 2 3 2 1 2 4 0 0 1 1 1 2 1 1 1 1 3 3 0 0 0 1 3 0 9 
80 8 3 5 4 0 6 3 5 5 5 3 0 4 3 4 3 3 3 4 3 5 4 5 4 2 3 5 0 16 
105 0 6 10 5 3 9 0 6 9 7 4 2 5 5 5 5 4 4 6 5 6 5 9 8 5 5 7 0 37 
112 1 7 15 0 4 10 3 7 14 8 6 3 7 9 8 6 5 6 0 7 8 9 0 9 8 11 0 0 77 
118 2 8 16 2 6 12 4 8 18 9 7 5 0 12 11 7 6 8 3 8 9 11 3 11 12 0 1 0 125 
119 3 11 19 5 7 13 7 11 21 11 8 6 0 14 12 9 8 9 4 11 0 16 4 13 14 1 3 0 174 
0 6 14 20 6 9 15 10 13 25 12 9 8 0 0 13 10 0 11 6 13 1 20 5 16 0 3 5 0 228 
1 10 16 0 0 10 19 12 0 26 15 0 12 3 2 16 12 2 0 7 14 2 21 7 17 5 5 7 1 277 
5 12 18 4 3 12 21 13 2 28 0 0 14 4 4 0 14 3 2 0 16 8 23 8 0 7 8 8 0 326 
0 0 22 6 7 13 22 15 5 32 1 3 18 8 5 2 16 4 5 2 18 9 25 9 1 9 9 9 0 371 
