0.5   0.5   0.5   0.5   0.0   0.0   
0.4420138348885842   0.47765327134222335   0.4420138348885842   0.47765327134222335   0.3357142857198729   0.33571428572049644   
0.6479016598637503   0.7727334761270258   0.6479016598637503   0.7727334761270258   0.13260274143463338   0.14508482338412312   
0.6290778066538075   0.853721211134729   0.6290778066538075   0.853721211134729   0.17709786685109555   0.21840805892684861   
0.5391382864790389   0.7299353849123534   0.5391382864790389   0.7299353849123534   0.25160644113368985   0.26366828377617263   
0.5636942881845032   0.8664010333341494   0.5636942881845032   0.8664010333341494   0.26714876080571565   0.2923081951490467   
0.6279375879376495   0.9844939449254635   0.6279375879376495   0.9844939449254635   0.28969720799752274   0.3043567685106635   
0.5871959917942106   0.8978102354956776   0.5871959917942106   0.8978102354956776   0.30723917114214777   0.3377734938982949   
0.561079907926446   0.7855338904711777   0.561079907926446   0.7855338904711777   0.3120288340499927   0.3462469793759944   
0.6869128477255521   0.9936358471544474   0.6869128477255521   0.9936358471544474   0.32108109008260377   0.3611652187595089   
