0.5   0.5   0.5   0.5   0.0   0.0   
0.48520107431234993   0.47947505463564105   0.48520107431234993   0.47947505463564105   0.3357314148731139   0.33573141487429153   
0.6997418335142551   0.6172964792689024   0.6997418335142551   0.6172964792689024   0.14263132325770106   0.16874088622429342   
0.712970702369027   0.575603472869501   0.712970702369027   0.575603472869501   0.17811954393670554   0.2526290666749721   
0.5310457324690446   0.5427669320790766   0.5310457324690446   0.5427669320790766   0.2012607402130475   0.27230076716605495   
0.575218120166717   0.6507538813187749   0.575218120166717   0.6507538813187749   0.22111343525385982   0.28783275191422536   
0.6402182171968339   0.7322444914478725   0.6402182171968339   0.7322444914478725   0.2672002861624868   0.31372168009253876   
0.6230434305302156   0.6743859999069682   0.6230434305302156   0.6743859999069682   0.3173552346678849   0.334204903000534   
0.5574164446283362   0.6352362377160006   0.5574164446283362   0.6352362377160006   0.3266736601165744   0.34920922496627677   
0.6929981367074772   0.8188518739535615   0.6929981367074772   0.8188518739535615   0.32729735403397187   0.3517449807193716   
