39 1 1 2 3 2 3 0 1 2 5 1 2 4 3 1 1 0 3 1 4 1 2 5 2 2 2 1 1 5 
80 3 6 3 4 5 4 1 3 3 8 6 4 5 4 3 0 3 4 2 6 0 4 9 4 3 4 4 0 12 
89 6 8 5 8 0 7 3 0 4 10 10 6 9 6 4 1 6 8 3 8 0 7 13 5 4 7 5 0 47 
124 9 9 7 0 3 8 4 2 5 13 0 8 10 9 11 0 7 13 6 11 2 10 0 8 5 0 9 1 56 
166 11 12 9 3 4 9 7 3 6 14 2 0 12 12 12 2 11 16 8 12 3 0 2 9 6 1 12 0 67 
204 0 13 12 0 0 10 8 4 0 15 7 0 14 15 13 5 14 18 9 14 0 2 4 10 8 2 15 0 88 
242 2 17 15 0 1 0 12 0 2 17 8 3 18 16 20 6 16 0 12 15 1 0 7 12 9 3 16 0 100 
274 4 0 16 2 3 2 17 2 7 19 0 4 20 18 22 8 17 0 14 19 2 2 8 0 12 5 19 0 117 
316 6 0 0 4 0 0 18 5 9 21 2 6 21 0 25 11 0 3 16 20 5 3 0 2 14 9 0 0 134 
347 7 2 0 6 3 4 21 6 13 22 4 8 22 2 28 15 1 9 18 21 6 4 2 6 0 11 3 0 145 
