0.5   0.5   0.5   0.5   0.0   0.0   
0.4804138698528275   0.48488484846013924   0.4804138698528275   0.48488484846013924   0.33573141487296865   0.3357314148745995   
0.44779332570944913   0.45202040642112706   0.44779332570944913   0.45202040642112706   0.14733303047131482   0.12225763562500643   
0.454003523661241   0.4233601787565844   0.454003523661241   0.4233601787565844   0.1894147925433792   0.19032352113994078   
0.4462822949960575   0.42746595679161614   0.4462822949960575   0.42746595679161614   0.2321537929367109   0.2512439163704625   
0.4105159033275167   0.43264802082662096   0.4105159033275167   0.43264802082662096   0.282939956490704   0.2848327661767624   
0.4581119530448888   0.4388799279310249   0.4581119530448888   0.4388799279310249   0.3094658308457436   0.30478213498063794   
0.45928203687134916   0.4481840643659557   0.45928203687134916   0.4481840643659557   0.3228386446476136   0.3335567191932074   
0.44519749970488026   0.43246942547279266   0.44519749970488026   0.43246942547279266   0.35420041479643893   0.3529696741387746   
0.4392702549572029   0.4273526635374623   0.4392702549572029   0.4273526635374623   0.36949809525534183   0.37787854184709097   
