35 2 2 1 2 1 1 4 0 0 2 2 2 1 0 2 4 0 3 4 5 1 3 4 1 4 4 3 0 7 
43 3 4 0 3 0 0 5 4 2 0 0 4 9 3 3 9 1 6 5 6 2 9 7 2 6 8 5 3 41 
50 0 5 2 6 1 1 7 6 5 0 2 5 15 6 7 12 4 7 7 8 4 12 0 5 8 0 7 0 80 
60 0 6 4 11 0 2 11 7 8 2 6 9 19 7 10 13 8 10 0 9 5 15 0 0 13 3 10 1 110 
75 0 9 6 12 1 0 0 8 10 5 0 12 21 10 16 0 9 15 2 0 7 19 2 1 15 4 11 4 144 
92 0 10 8 13 6 1 2 9 12 0 4 0 22 13 18 1 10 17 5 2 0 20 4 3 17 6 15 0 180 
113 1 12 0 16 8 3 5 10 14 0 6 0 24 14 0 3 11 18 6 3 1 24 7 4 20 0 18 0 217 
137 2 13 1 20 9 5 9 16 19 2 7 3 26 15 2 5 13 20 0 5 3 27 9 0 21 1 22 0 236 
153 3 16 4 21 11 7 15 18 23 5 8 4 0 0 5 0 15 22 4 6 5 30 10 1 23 7 24 0 262 
165 0 21 8 25 13 8 17 21 25 8 9 6 2 1 9 2 17 23 6 7 8 31 13 3 26 8 0 1 292 
