0.5   0.5   0.5   0.5   0.0   0.0   
0.35701664354624624   0.33706958048534263   0.35701664354624624   0.33706958048534263   0.0   0.31901152817634487   
0.4464876471772503   0.5557827225225307   0.4464876471772503   0.5557827225225307   0.11407537979525582   0.10499381689787651   
0.46879888341636616   0.5628441865384348   0.46879888341636616   0.5628441865384348   0.1700345589626043   0.15267689810917984   
0.4324573828916544   0.6015084711287982   0.4324573828916544   0.6015084711287982   0.2733024381526758   0.25147487337057195   
0.4108563205814337   0.6142117820688047   0.4108563205814337   0.6142117820688047   0.29460233039729256   0.2721531749385254   
0.39249484039561133   0.6141899260715357   0.39249484039561133   0.6141899260715357   0.2999315455426161   0.269851010623855   
0.45707956512319325   0.6081554025801849   0.45707956512319325   0.6081554025801849   0.3246922856662586   0.3100063245623223   
0.5201339585566477   0.5824526663380014   0.5201339585566477   0.5824526663380014   0.3593044654931981   0.33432476841799996   
0.5260666990865731   0.5899951283478804   0.5260666990865731   0.5899951283478804   0.3895565947751976   0.3743087199297017   
