0.5   0.5   0.5   0.5   0.0   0.0   
0.4422875396412432   0.4686669423532919   0.4422875396412432   0.4686669423532919   0.3357314148735587   0.33573141487442176   
0.9692498145900325   0.6801401502135253   0.9692498145900325   0.6801401502135253   0.12435517407571245   0.17690310064192563   
0.9903490492447767   0.570095878007039   0.9903490492447767   0.570095878007039   0.12316544871273141   0.21924671668407283   
0.7260540889054193   0.4928792709849099   0.7260540889054193   0.4928792709849099   0.1837909813277554   0.22584436942040576   
0.7231172749656043   0.5418583759876145   0.7231172749656043   0.5418583759876145   0.22235008592801844   0.2567561269847836   
0.7539725443675903   0.573940744851467   0.7539725443675903   0.573940744851467   0.24654066366967048   0.28375902179151147   
0.6449407523895192   0.5069921359326155   0.6449407523895192   0.5069921359326155   0.25160062179170617   0.3024506027859403   
0.5441356605183969   0.4419054031635481   0.5441356605183969   0.4419054031635481   0.2631295836592723   0.31164373831198267   
0.6512987954366904   0.5565698299442569   0.6512987954366904   0.5565698299442569   0.2722448599266733   0.32174476270351277   
