0.5   0.5   0.5   0.5   0.0   0.0   
0.45217302573369955   0.5368884042861141   0.45217302573369955   0.5368884042861141   0.3357314139996431   0.33573141400057105   
0.4881636756464303   0.551604913343634   0.4881636756464303   0.551604913343634   0.14409041177033924   0.10597321547498544   
0.5082818865142544   0.5610142898432879   0.5082818865142544   0.5610142898432879   0.196240974964439   0.19074564230927712   
0.5306226337066147   0.5536444954955254   0.5306226337066147   0.5536444954955254   0.24545458021277058   0.23477262249160435   
0.5386269317227041   0.5780261820370092   0.5386269317227041   0.5780261820370092   0.2886560130002814   0.30150354419960945   
0.5463160619061648   0.558143138796323   0.5463160619061648   0.558143138796323   0.28377752228432446   0.3222155353942041   
0.5594331645142323   0.5362860235018462   0.5594331645142323   0.5362860235018462   0.28880558165347353   0.35426982136508217   
0.5327033408631718   0.541483522580384   0.5327033408631718   0.541483522580384   0.30374280271910414   0.3544332165403281   
0.532818927643166   0.5433264226849699   0.532818927643166   0.5433264226849699   0.3162338807902051   0.35873858580806794   
