41 3 3 3 2 1 2 1 1 1 1 2 1 2 2 1 5 0 0 0 2 1 2 4 1 4 1 2 0 11 
90 5 6 5 0 3 6 0 2 4 2 3 3 3 6 2 8 1 3 0 3 4 5 5 0 0 0 3 1 18 
131 7 0 6 0 0 7 4 6 0 4 4 7 5 7 3 9 3 0 0 6 6 10 6 1 6 3 6 2 26 
140 11 0 9 2 2 9 7 10 2 6 6 9 8 8 4 13 4 3 3 8 7 11 7 2 8 6 7 3 60 
147 12 5 11 5 3 11 9 11 3 8 0 13 0 10 5 0 5 6 9 10 10 15 9 7 10 8 9 4 93 
153 17 6 0 6 7 12 0 12 0 10 2 16 1 11 10 0 6 7 13 14 12 17 10 8 15 0 10 0 138 
161 0 8 2 9 9 13 2 14 3 11 0 17 0 13 14 0 8 9 16 15 13 18 13 10 16 1 13 1 184 
168 1 9 4 11 11 16 4 17 5 18 1 0 1 15 17 1 0 10 19 17 0 20 16 14 19 4 0 0 223 
178 2 13 5 12 13 17 7 18 10 20 3 1 0 0 18 4 0 11 20 19 3 24 0 17 21 7 0 0 266 
181 5 14 6 16 17 18 11 20 11 21 5 2 1 2 19 5 1 13 22 21 4 25 5 0 0 9 0 1 316 
