0.5   0.5   0.5   0.5   0.0   0.0   
0.33600794391965727   0.3649909321159902   0.33600794391965727   0.3649909321159902   0.0   0.3285026706872946   
0.5669431665235438   0.4006236165685301   0.5669431665235438   0.4006236165685301   0.12491712471641497   0.1370960297043762   
0.49507001295837816   0.509367551183645   0.49507001295837816   0.509367551183645   0.20259400828341229   0.21075967768499157   
0.47956487199133246   0.5138487118481914   0.47956487199133246   0.5138487118481914   0.20352415136451243   0.2338999691253671   
0.47741951093347035   0.5203633516710866   0.47741951093347035   0.5203633516710866   0.2637295576011714   0.29026496083500325   
0.5033843751852216   0.5211180828792961   0.5033843751852216   0.5211180828792961   0.3444178963956081   0.35267764387541717   
0.5023616176007784   0.5515791980511453   0.5023616176007784   0.5515791980511453   0.3401442266462699   0.3589934463781764   
0.47266502435976343   0.5724107757492518   0.47266502435976343   0.5724107757492518   0.3376886130534382   0.35576394359296537   
0.47930495050402017   0.5889545992522753   0.47930495050402017   0.5889545992522753   0.3386967822430451   0.3548071400185467   
