49 1 4 4 0 2 2 3 1 0 0 2 2 1 3 1 3 1 0 2 1 1 2 2 1 2 1 2 0 7 
96 2 5 7 2 6 3 5 3 1 0 5 3 3 5 3 4 6 1 5 2 3 4 3 4 0 0 4 1 11 
141 4 7 9 3 7 6 6 4 3 1 0 5 6 0 5 0 9 3 6 4 5 5 5 0 3 4 6 0 21 
164 5 10 12 0 8 7 8 0 5 0 0 9 10 2 8 1 10 0 0 6 8 7 7 3 5 0 8 0 54 
175 0 12 15 1 12 10 9 2 6 1 4 0 13 5 10 2 12 3 2 9 15 10 9 5 7 0 13 0 81 
181 3 0 17 2 13 11 11 5 8 3 5 1 14 0 13 4 13 5 5 10 16 0 11 9 11 2 16 0 127 
182 5 4 20 4 15 12 12 6 11 5 7 3 15 2 14 0 15 8 0 11 18 0 14 14 12 6 21 0 171 
0 7 5 22 0 18 13 15 8 15 7 10 5 17 3 16 4 0 10 3 14 24 1 0 15 15 9 23 1 212 
6 0 7 23 3 19 15 18 10 17 12 15 6 19 0 0 7 1 11 6 15 25 3 1 18 17 0 26 2 255 
0 0 9 26 0 22 18 0 13 18 16 17 8 20 2 4 9 4 14 8 19 0 5 2 19 20 1 29 0 300 
