0.5   0.5   0.5   0.5   0.0   0.0   
0.4796490632250678   0.34333906033171974   0.4796490632250678   0.34333906033171974   0.3357314148739148   0.3357314148745659   
0.4941146336428048   0.40758415401223047   0.4941146336428048   0.40758415401223047   0.1262770609836433   0.10852570633704953   
0.42457732298378925   0.30069094169119404   0.42457732298378925   0.30069094169119404   0.17822971904598864   0.16841874515140107   
0.4082570480302942   0.2977184374188157   0.4082570480302942   0.2977184374188157   0.24224782056080843   0.23808963058620972   
0.36594452582848014   0.38828974370987546   0.36594452582848014   0.38828974370987546   0.25727798232234483   0.26541156913625435   
0.3892473277640641   0.3498680671904494   0.3892473277640641   0.3498680671904494   0.2972279124136365   0.2801920607971086   
0.40226830725494295   0.49698773287183107   0.40226830725494295   0.49698773287183107   0.3272957571810608   0.28947838656734437   
0.41049694835021444   0.47207206295645554   0.41049694835021444   0.47207206295645554   0.3336943253063465   0.3048279618311298   
0.427017934342171   0.4509287052760131   0.427017934342171   0.4509287052760131   0.33263599683834905   0.3212162468138494   
