55 0 1 3 0 2 0 0 1 0 0 3 2 2 1 2 0 3 1 0 2 1 0 3 4 2 1 0 1 10 
82 6 4 0 3 3 4 1 3 2 1 0 5 4 2 0 2 5 2 2 4 6 2 6 5 4 0 1 0 31 
122 0 5 2 7 0 9 3 0 0 3 0 8 6 6 1 6 6 3 5 6 8 0 8 8 6 2 0 0 43 
156 1 10 3 9 2 10 0 1 1 4 1 13 8 8 4 0 7 0 0 7 10 3 9 11 9 4 2 0 63 
175 3 0 0 11 3 15 0 3 0 5 3 15 10 9 7 2 0 3 2 9 12 4 11 14 11 6 3 3 96 
215 0 3 0 12 4 16 1 4 0 6 0 19 12 13 11 4 0 4 3 11 13 5 14 19 13 10 5 0 109 
252 3 5 1 15 0 17 4 6 2 7 5 23 13 0 0 6 2 0 5 13 18 8 0 21 14 14 0 1 120 
289 5 9 5 17 3 0 7 8 4 8 7 25 14 5 2 8 3 2 0 17 0 9 2 24 16 0 0 2 130 
327 8 0 0 20 0 1 8 11 5 9 9 26 16 7 0 10 6 4 3 20 4 10 6 26 17 7 2 0 138 
370 9 6 1 0 3 2 10 12 7 11 12 27 0 12 2 13 7 6 4 21 7 12 0 27 18 0 3 1 148 
