42 2 1 3 0 2 1 3 0 3 4 2 3 2 3 2 3 0 3 3 1 1 1 0 0 1 1 1 1 11 
83 4 3 0 1 6 4 5 2 6 5 7 4 0 5 0 7 1 5 9 2 3 4 1 2 0 2 2 2 17 
95 5 6 4 4 8 6 7 5 8 7 8 7 2 6 3 8 4 8 11 0 6 7 0 6 3 5 0 4 44 
104 6 8 5 0 9 9 8 7 10 8 10 10 3 8 4 10 5 9 14 2 8 9 3 9 5 0 2 0 89 
116 7 0 7 0 13 10 0 0 14 11 0 11 6 9 5 0 6 10 19 4 10 11 4 0 8 2 6 2 131 
122 10 1 9 1 17 11 3 0 16 12 1 12 10 14 7 5 7 11 20 5 0 14 9 2 10 6 0 3 168 
130 14 0 11 2 0 0 6 1 18 14 0 16 14 15 9 0 0 14 22 8 2 17 10 5 0 8 0 4 214 
135 16 5 13 4 0 2 11 2 19 0 2 19 16 18 0 1 3 19 24 11 4 0 12 8 1 10 2 6 251 
144 18 7 15 6 1 0 0 0 0 0 4 21 0 19 0 3 4 21 29 12 5 6 15 9 5 13 4 0 297 
151 0 10 16 11 5 2 2 1 1 1 5 24 1 20 2 7 7 22 32 14 6 12 17 10 8 15 0 0 334 
