0.5   0.5   0.5   0.5   0.0   0.0   
0.5055738861327063   0.5001732414789518   0.5055738861327063   0.5001732414789518   0.33573141487357183   0.3357314148745172   
0.539479656476996   0.424297730279174   0.539479656476996   0.424297730279174   0.12289797327365658   0.11119229845961039   
0.5006702382766329   0.46301826156209397   0.5006702382766329   0.46301826156209397   0.1898448131233459   0.1934208477809805   
0.5131372227206344   0.44040556538912695   0.5131372227206344   0.44040556538912695   0.23310572311046837   0.21599660506274707   
0.4689211019963132   0.37248504092240164   0.4689211019963132   0.37248504092240164   0.25678439549179394   0.2514856868538209   
0.4471379496413131   0.4081870759435249   0.4471379496413131   0.4081870759435249   0.27773190329943476   0.2658110771609289   
0.4547217272484305   0.3988007984818154   0.4547217272484305   0.3988007984818154   0.28279426590606477   0.2690324970173223   
0.43469728789150164   0.40022569723976487   0.43469728789150164   0.40022569723976487   0.29521654381878426   0.27795655334348157   
0.44461908327697885   0.4597570216465426   0.44461908327697885   0.4597570216465426   0.29328433996013165   0.29408285018304936   
