0.5   0.5   0.5   0.5   0.0   0.0   
0.4189405333829308   0.4561197020754948   0.4189405333829308   0.4561197020754948   0.3357314148742004   0.335731414874386   
0.558322974453416   0.41604348122160373   0.558322974453416   0.41604348122160373   0.13972672626987256   0.14383888742330245   
0.5313015492601829   0.38493175842931693   0.5313015492601829   0.38493175842931693   0.17294553431218945   0.20342901624583373   
0.49906990055881106   0.4819823696389163   0.49906990055881106   0.4819823696389163   0.232830714082225   0.21679224403959463   
0.4822212218714753   0.44847266060715846   0.4822212218714753   0.44847266060715846   0.25338158940471456   0.2577776748194873   
0.4933493847237292   0.4424177088241478   0.4933493847237292   0.4424177088241478   0.2944021307432473   0.2863759071241014   
0.4922471499596075   0.46646493605382466   0.4922471499596075   0.46646493605382466   0.3121911665951087   0.3061904601374682   
0.5025200608025783   0.47703664455336153   0.5025200608025783   0.47703664455336153   0.3124785567476358   0.31186195903746655   
0.4999887313548345   0.46699515660310664   0.4999887313548345   0.46699515660310664   0.3281106430474695   0.32161671364062594   
