44 0 1 1 3 2 0 3 2 4 0 2 1 3 3 3 2 2 2 1 1 1 3 2 2 4 1 2 0 5 
62 2 3 3 5 0 2 6 4 5 2 3 3 6 5 6 0 3 5 4 2 3 4 4 4 5 0 3 0 41 
76 6 8 6 10 0 4 0 6 6 3 6 6 8 8 7 3 7 7 8 7 4 6 5 0 7 3 5 0 63 
102 7 10 7 12 0 6 4 9 8 0 8 9 9 12 8 6 8 9 9 11 5 8 10 2 8 6 0 0 84 
130 10 12 8 14 6 0 7 0 9 1 10 12 11 0 10 7 10 10 11 14 0 9 11 5 0 9 5 0 106 
151 13 14 10 16 0 1 8 2 10 4 11 15 12 2 12 9 11 12 0 16 0 12 12 6 1 12 6 0 142 
192 15 17 14 17 2 4 9 0 13 5 12 17 14 5 14 10 0 14 2 17 5 14 13 0 0 13 8 0 154 
232 16 18 19 18 4 0 0 2 15 6 15 19 15 6 17 12 1 17 5 20 6 16 15 2 1 15 0 1 166 
263 17 22 22 0 5 3 3 4 16 9 17 0 17 10 19 13 3 18 0 21 7 0 19 3 2 17 1 0 189 
294 18 0 0 1 10 5 6 8 18 13 18 1 19 15 23 15 6 21 2 22 8 1 23 6 4 18 3 0 198 
