46 2 1 1 2 2 3 3 0 1 0 3 2 0 1 3 0 2 2 1 1 1 3 1 2 3 4 1 0 9 
91 6 2 2 5 3 5 5 1 0 1 6 4 1 3 4 2 4 3 5 3 4 0 2 0 5 8 2 0 17 
125 0 3 5 6 7 6 6 2 2 0 8 8 5 4 5 0 5 4 8 4 6 1 5 2 0 0 0 0 43 
152 1 6 6 0 9 8 8 3 4 0 10 0 9 6 6 1 6 0 0 7 7 3 9 4 5 1 2 0 71 
182 0 0 10 0 11 10 10 0 8 1 12 0 10 7 10 0 0 2 3 8 0 0 10 6 0 3 3 0 106 
201 3 2 11 2 13 11 12 2 0 2 15 1 12 0 13 2 3 0 0 9 1 1 12 8 2 5 4 0 145 
218 5 4 12 0 15 13 13 0 2 0 17 0 15 4 0 4 0 1 1 11 3 2 15 10 3 11 6 0 184 
224 6 6 13 0 0 14 18 0 5 1 19 0 18 8 0 7 2 4 6 15 0 0 16 0 6 12 0 1 232 
233 8 10 15 2 0 15 21 0 8 5 22 1 23 0 2 0 3 7 7 16 1 4 18 3 7 13 4 2 268 
238 11 12 19 4 0 16 22 1 9 6 25 2 25 2 3 0 5 10 8 0 3 6 20 6 9 15 5 0 318 
