0.5   0.5   0.5   0.5   0.0   0.0   
0.38969848869819196   0.37170487183800927   0.38969848869819196   0.37170487183800927   0.0   0.3119047619107785   
0.5774125186310958   0.577602841487636   0.5774125186310958   0.577602841487636   0.13107174920624057   0.11874853165834694   
0.5614245555737128   0.5944638446914986   0.5614245555737128   0.5944638446914986   0.18225595091043373   0.19423577087613525   
0.5635843044486322   0.5549747727080969   0.5635843044486322   0.5549747727080969   0.2159800578101238   0.24485029753728357   
0.560158986846093   0.5898981737559392   0.560158986846093   0.5898981737559392   0.287391783475542   0.29521283353942673   
0.5820041153045806   0.5736379011489043   0.5820041153045806   0.5736379011489043   0.2913913926106904   0.3038697982076283   
0.5806246506480758   0.5740183172720102   0.5806246506480758   0.5740183172720102   0.3066891641670264   0.3078753510747281   
0.5755246568264614   0.5932355635961918   0.5755246568264614   0.5932355635961918   0.3127890334789038   0.3141377689205938   
0.5535488341848553   0.5995471069517644   0.5535488341848553   0.5995471069517644   0.318710851819258   0.31512494952155007   
