30 3 3 3 0 2 4 2 2 2 5 2 1 2 4 4 1 1 2 1 3 5 3 4 3 5 1 1 1 0 
39 0 6 6 5 4 0 6 0 4 8 5 3 5 5 8 3 4 7 4 8 6 7 5 5 9 6 2 0 20 
71 2 7 8 9 5 4 9 1 7 0 0 0 6 8 10 5 8 9 6 0 8 9 8 6 0 7 3 0 41 
89 5 8 9 10 7 7 11 2 0 2 2 2 0 10 0 0 10 10 0 3 12 11 9 9 2 10 7 0 76 
102 6 9 10 12 8 13 12 0 1 4 7 3 0 11 2 3 13 0 2 5 14 13 11 10 4 11 10 0 115 
130 9 12 0 14 9 15 13 5 3 6 11 5 0 12 0 5 14 1 4 7 16 15 12 0 5 0 12 2 141 
160 0 14 3 18 10 18 14 6 5 9 13 0 0 0 1 6 15 3 7 9 17 16 0 2 6 5 14 0 167 
181 1 17 7 20 13 20 0 0 6 11 15 1 2 1 4 7 16 0 9 12 18 18 1 4 7 0 20 0 199 
207 4 18 13 21 14 22 1 1 11 0 16 4 3 3 10 0 18 1 13 0 20 19 4 6 9 0 21 0 221 
245 5 19 16 22 0 26 2 3 14 1 20 5 5 4 11 0 19 3 18 2 21 21 6 7 0 1 22 0 239 
