0.5   0.5   0.5   0.5   0.0   0.0   
0.4021276099346451   0.4436616133419667   0.4021276099346451   0.4436616133419667   0.3357314148738941   0.3357314148744255   
0.3830978572835106   0.4833005091008143   0.3830978572835106   0.4833005091008143   0.13598490018803894   0.12467770633297286   
0.34923275081242566   0.5266752713987786   0.34923275081242566   0.5266752713987786   0.20211496152112632   0.19095659085646857   
0.41148437696350487   0.5043576646919528   0.41148437696350487   0.5043576646919528   0.20394910248285628   0.2282614782458092   
0.41771128814335395   0.49146690169359447   0.41771128814335395   0.49146690169359447   0.24572927651068968   0.24848331032729457   
0.42566454379501617   0.5448011691332085   0.42566454379501617   0.5448011691332085   0.24973313567247019   0.26814115303099983   
0.4198599956039706   0.5531489923231501   0.4198599956039706   0.5531489923231501   0.2721193226888434   0.2949326702182482   
0.4402207602527266   0.5747295107534858   0.4402207602527266   0.5747295107534858   0.2750958454603138   0.32856981190557827   
0.4625275864780008   0.5681985054330855   0.4625275864780008   0.5681985054330855   0.30178923797207674   0.3550936738774281   
