39 3 3 4 3 1 3 3 2 0 2 2 1 0 2 1 2 2 3 2 1 2 2 4 2 2 0 2 0 7 
48 6 5 7 4 2 6 4 0 3 3 5 0 1 5 4 5 4 9 3 2 0 0 7 3 0 1 4 0 50 
52 10 6 8 6 6 7 5 2 5 4 7 0 6 8 5 9 5 0 4 5 2 1 8 5 1 0 6 0 98 
0 12 10 0 0 7 9 8 7 0 7 9 0 7 10 6 12 7 1 8 7 5 0 0 7 2 0 9 0 151 
4 0 12 1 3 9 11 12 8 0 9 0 0 0 13 10 13 10 0 12 9 6 3 2 9 5 2 12 2 195 
8 1 14 3 4 0 13 20 9 1 10 1 0 4 0 11 14 11 2 0 10 8 6 5 14 7 5 0 3 242 
0 2 17 4 7 0 15 22 10 3 11 2 1 7 2 13 18 12 7 0 12 10 10 10 17 10 6 1 0 286 
4 5 19 8 11 2 0 24 12 5 12 5 2 11 3 14 0 13 8 1 15 14 11 11 18 14 0 3 1 330 
7 6 0 10 12 7 1 28 0 11 14 6 5 12 4 0 4 16 10 2 16 16 0 14 20 17 5 5 0 371 
0 0 1 12 13 0 3 29 4 12 16 9 6 13 0 0 7 18 11 8 17 17 2 21 21 18 0 6 0 426 
