38 0 4 1 2 3 0 3 1 1 3 5 1 1 4 1 4 1 0 3 2 1 5 4 3 3 4 2 0 0 
68 2 7 2 0 4 3 5 0 2 7 8 3 0 5 2 7 3 5 7 7 2 8 8 6 8 7 4 3 3 
102 3 9 4 2 0 5 0 2 7 8 9 5 0 6 3 12 6 6 8 9 3 0 13 0 10 0 5 0 26 
119 5 10 5 4 1 8 3 4 11 9 10 0 3 8 7 14 9 10 10 13 4 1 14 3 0 2 7 0 54 
148 7 13 6 7 2 9 6 5 12 0 12 2 4 10 8 17 11 11 0 15 5 4 16 6 2 4 8 0 79 
169 8 15 7 9 5 0 7 6 0 1 0 9 8 11 10 0 12 12 2 17 6 6 19 0 4 5 10 0 115 
191 11 17 0 11 7 0 11 8 1 4 3 11 11 0 12 0 15 14 3 21 7 7 22 3 0 7 0 2 142 
217 0 18 0 13 10 2 14 11 5 7 5 0 13 2 13 1 18 18 0 25 8 10 25 5 1 0 2 3 163 
230 2 19 2 14 0 4 15 17 9 11 0 2 15 0 15 2 22 19 2 27 13 0 26 6 0 1 0 5 201 
246 0 21 4 16 2 6 0 18 13 12 1 3 0 2 17 0 0 0 0 30 17 3 29 7 2 2 2 7 242 
