53 0 3 4 0 1 2 1 2 1 3 2 0 0 1 0 1 1 5 1 3 0 0 2 1 3 3 3 0 4 
76 1 5 7 2 4 5 3 4 2 0 0 1 3 4 3 3 4 0 5 5 2 3 4 6 5 6 5 0 22 
112 2 8 10 3 7 6 4 7 4 2 2 2 5 5 5 4 7 2 7 6 7 4 7 0 9 9 7 0 31 
150 3 0 11 5 9 7 6 8 6 8 3 3 0 7 0 0 11 3 10 0 8 7 8 0 11 11 10 1 50 
187 6 1 13 9 0 0 9 11 8 9 4 4 2 11 0 0 15 7 11 0 0 11 9 3 0 14 11 2 64 
232 7 6 18 11 0 4 10 0 0 10 6 6 4 14 3 2 17 0 12 1 1 13 12 5 0 17 12 0 70 
253 11 0 21 0 3 6 11 0 2 17 10 9 7 15 5 7 21 1 14 4 6 16 17 0 0 18 13 0 84 
286 13 1 22 2 6 9 12 1 0 19 15 12 9 17 8 8 0 0 17 6 8 19 19 3 2 20 17 0 96 
313 15 5 27 7 8 12 0 6 2 21 17 13 0 18 0 10 1 1 21 9 10 22 0 7 5 24 18 1 106 
332 20 9 29 10 9 14 6 7 0 24 18 16 2 19 2 0 2 2 23 0 11 0 2 9 0 25 22 2 136 
