0.5   0.5   0.5   0.5   0.0   0.0   
0.46031776724458573   0.46218547171087737   0.46031776724458573   0.46218547171087737   0.0   0.3118193573358665   
0.48857768132343904   0.6403045295326006   0.48857768132343904   0.6403045295326006   0.1270240781635378   0.11619053184735129   
0.4513345461283055   0.6086837960219121   0.4513345461283055   0.6086837960219121   0.1854286451179511   0.18570222441665613   
0.4728097915985605   0.6323863094546501   0.4728097915985605   0.6323863094546501   0.24145454936468436   0.2520515866932315   
0.43270212313456563   0.5863781769329509   0.43270212313456563   0.5863781769329509   0.27204179425580466   0.28960214633896264   
0.48878160327644277   0.5873585802713794   0.48878160327644277   0.5873585802713794   0.3100364869662595   0.32922115036935107   
0.5156445055641754   0.5886927125323919   0.5156445055641754   0.5886927125323919   0.31811719248744513   0.3282865297663859   
0.4506072873625543   0.5866278362089195   0.4506072873625543   0.5866278362089195   0.294156635989575   0.32824572753886877   
0.4563553984220156   0.5689172241730633   0.4563553984220156   0.5689172241730633   0.29925575245981256   0.3374348480601582   
