32 3 3 0 1 1 1 0 2 1 0 4 2 2 2 6 3 1 1 3 4 0 2 0 0 2 0 2 4 18 
78 4 6 2 0 2 2 3 3 5 3 6 4 0 6 7 5 0 0 4 6 0 3 2 1 0 1 0 7 31 
104 5 8 3 0 0 3 6 5 8 6 8 8 2 7 8 7 0 2 8 10 2 0 5 3 2 5 0 10 51 
132 8 9 5 1 1 6 7 9 12 8 10 11 4 8 0 9 2 5 11 11 0 5 9 0 4 7 1 0 68 
156 11 11 9 0 2 7 11 10 0 9 11 12 0 10 2 0 6 6 14 13 3 10 11 3 5 10 0 1 93 
186 13 15 10 3 4 8 13 12 0 10 12 0 3 12 0 0 12 7 0 20 5 11 13 6 6 12 3 0 111 
216 15 0 11 4 5 11 18 14 1 0 0 1 5 14 3 4 15 10 1 21 7 0 15 8 7 15 7 2 129 
252 18 2 12 5 7 12 0 0 4 0 1 2 7 0 5 6 18 11 2 24 0 2 17 9 9 17 10 3 151 
265 19 0 15 6 0 15 1 3 5 2 2 6 9 0 6 0 20 13 4 27 2 3 19 13 12 18 11 4 191 
284 22 4 16 8 1 17 2 4 7 0 5 0 0 4 7 3 0 15 6 0 3 0 22 15 13 21 13 5 227 
