0.5   0.5   0.5   0.5   0.0   0.0   
0.2448521957493326   0.29276342888714274   0.2448521957493326   0.29276342888714274   0.2854414105343415   0.4067950928260393   
0.30976490258851086   0.6733248321232951   0.30976490258851086   0.6733248321232951   0.34305019014735166   0.3744739050905778   
0.31271950258647735   0.8182755344629671   0.31271950258647735   0.8182755344629671   0.27439026822610196   0.2895269574920138   
0.43690324452189205   0.7011456573186017   0.43690324452189205   0.7011456573186017   0.234457042155064   0.3227914445303979   
0.5589886063229857   0.799516378337363   0.5589886063229857   0.799516378337363   0.21798546656258366   0.3501217597137118   
0.6210692477365188   0.911377899612355   0.6210692477365188   0.911377899612355   0.25659251851719994   0.3619901107235398   
0.505772545921525   0.8652208349765509   0.505772545921525   0.8652208349765509   0.21330354229724038   0.3466736778987193   
0.3859085213626057   0.7829272676295782   0.3859085213626057   0.7829272676295782   0.18591787822595232   0.3570669005594492   
0.48246985930516656   0.9965856634701278   0.48246985930516656   0.9965856634701278   0.20104691833589805   0.37192578723785213   
