0.5   0.5   0.5   0.5   0.0   0.0   
0.29182929257016593   0.4371169019591161   0.29182929257016593   0.4371169019591161   0.3286787277069393   0.4978955831948847   
0.5745146157252456   0.35413104804119894   0.5745146157252456   0.35413104804119894   0.3052866139630363   0.29546126950049145   
0.5093275423764488   0.4161666666684683   0.5093275423764488   0.4161666666684683   0.34471161320098875   0.24037687029517954   
0.5009755631574485   0.4298505909139318   0.5009755631574485   0.4298505909139318   0.36212053302114805   0.2757524019219318   
0.4489168687454302   0.43220603337665203   0.4489168687454302   0.43220603337665203   0.28087866729684224   0.2794029791964322   
0.4337208373679966   0.4494539586401437   0.4337208373679966   0.4494539586401437   0.2862653077456521   0.2852518656847701   
0.4757148622268533   0.4337313185983658   0.4757148622268533   0.4337313185983658   0.3121319072495065   0.2764270348282657   
0.47734240074709405   0.4443832923346214   0.47734240074709405   0.4443832923346214   0.29542573932159816   0.28880324807002233   
0.4508616048000225   0.4423171608605561   0.4508616048000225   0.4423171608605561   0.3189595455845067   0.2971503600926404   
