0.5   0.5   0.5   0.5   0.0   0.0   
0.5106500806471429   0.49888932684719944   0.5106500806471429   0.49888932684719944   0.36566913349270935   0.46784106357069744   
0.6112895396993124   0.7496731889809046   0.6112895396993124   0.7496731889809046   0.3532714206513754   0.31619055826007997   
0.6175065360017372   0.8435514823373569   0.6175065360017372   0.8435514823373569   0.3580241683960214   0.30082045450209705   
0.5147262099987808   0.703434030189544   0.5147262099987808   0.703434030189544   0.2785265957857537   0.2728266144333913   
0.649734165285577   0.8677874203538917   0.649734165285577   0.8677874203538917   0.28659885248434264   0.31035139282805013   
0.7204886322200957   0.9965099115006717   0.7204886322200957   0.9965099115006717   0.28611797426559943   0.31508399083208427   
0.6512294156012146   0.9127685410617152   0.6512294156012146   0.9127685410617152   0.29363004216335137   0.3253038047628891   
0.6168568824218522   0.8234693589458647   0.6168568824218522   0.8234693589458647   0.2504710798585097   0.32417158508321625   
0.7721246456792965   1.0381365560027411   0.7721246456792965   1.0381365560027411   0.2706597294698877   0.33018470193100424   
