48 3 1 0 1 3 1 1 1 4 0 1 0 1 0 6 3 2 4 1 2 1 1 0 1 1 0 3 1 9 
58 0 0 1 3 4 2 2 0 0 1 0 4 3 0 9 5 3 5 2 5 3 4 3 2 4 0 6 2 59 
0 1 3 2 6 6 3 3 0 3 4 0 0 7 4 12 9 5 6 5 6 7 7 4 4 5 1 8 0 105 
0 2 6 0 9 8 5 0 1 5 6 2 2 10 5 14 0 6 10 7 7 11 11 6 5 6 0 0 0 159 
3 6 11 2 11 10 8 3 5 0 7 4 4 13 10 0 2 0 11 0 0 12 12 7 0 12 1 2 0 203 
4 8 13 4 13 11 11 4 6 1 9 6 5 16 13 0 3 0 13 2 1 14 14 0 3 13 2 7 0 256 
0 0 14 5 15 12 13 0 9 2 11 8 6 17 15 3 4 2 18 4 2 16 18 3 5 0 5 9 0 307 
1 0 0 6 18 17 15 2 0 3 13 10 12 0 18 5 0 0 22 5 0 17 19 0 6 1 8 10 0 364 
9 2 2 8 21 22 16 4 1 4 18 16 13 1 19 0 3 2 23 8 0 19 22 1 7 3 0 11 1 403 
0 5 4 9 22 0 17 5 3 8 0 19 16 4 20 1 4 4 26 10 2 21 24 2 10 4 0 12 0 457 
