0.5   0.5   0.5   0.5   0.0   0.0   
0.3284921838837069   0.2703258083840121   0.3284921838837069   0.2703258083840121   0.2745095622383568   0.3808288967761017   
0.4246188562557341   0.424866229123478   0.4246188562557341   0.424866229123478   0.2205604886185245   0.2699565587104406   
0.4145588794417571   0.5326437089824568   0.4145588794417571   0.5326437089824568   0.2951542623017374   0.275609287193138   
0.45474742994576095   0.5688616725597023   0.45474742994576095   0.5688616725597023   0.3279841694635413   0.2758189145223308   
0.4811901906954904   0.6240013889357173   0.4811901906954904   0.6240013889357173   0.33843537414966   0.29284919402543624   
0.4825506310444914   0.6548486270387502   0.4825506310444914   0.6548486270387502   0.2805266794217688   0.31046731736172734   
0.4737951917051372   0.6646681494359304   0.4737951917051372   0.6646681494359304   0.2915136054421771   0.3174957482993198   
0.45498146530072225   0.6827062716214026   0.45498146530072225   0.6827062716214026   0.26832908163265323   0.3382139160011829   
0.45264116565953383   0.6718762828317779   0.45264116565953383   0.6718762828317779   0.27708545918367355   0.3490698018337768   
