45 2 1 3 1 1 0 0 3 1 1 2 2 2 1 2 4 4 1 2 3 1 2 1 3 1 1 3 0 7 
93 3 2 5 3 2 2 1 0 3 0 5 4 6 4 0 7 6 2 3 0 4 4 0 5 2 2 6 1 15 
148 6 0 7 5 4 5 6 1 4 1 7 7 0 0 0 11 0 4 0 3 6 6 1 6 5 3 7 0 0 
198 7 2 0 0 6 6 0 3 6 3 12 9 1 1 2 12 3 0 3 8 7 7 2 9 11 5 8 0 0 
225 9 5 3 2 8 0 1 0 9 0 13 13 0 3 5 0 4 1 5 11 10 8 3 13 15 6 9 0 25 
268 10 0 0 3 11 1 2 2 10 2 16 17 0 4 0 1 0 2 7 17 13 10 9 15 16 7 14 1 31 
316 11 0 1 5 0 5 3 3 13 4 19 20 4 0 1 2 1 4 10 0 14 13 13 18 19 10 16 0 0 
359 0 3 2 8 1 8 0 4 16 9 20 22 5 2 3 3 3 7 12 2 15 15 18 21 20 11 20 0 2 
407 2 4 4 11 3 10 0 6 17 10 23 0 0 6 8 0 4 9 14 5 18 16 20 23 21 12 21 0 7 
449 4 5 7 12 6 14 3 8 19 13 0 0 5 10 9 1 8 13 0 6 21 18 22 26 23 0 23 0 0 
