0.5   0.5   0.5   0.5   0.0   0.0   
0.32544872753542947   0.1066942345522161   0.32544872753542947   0.1066942345522161   0.29780060840577544   0.3687261778230026   
0.30931750945037934   0.4431023206100785   0.30931750945037934   0.4431023206100785   0.30863391021465963   0.27560595578833647   
0.3570975164325559   0.3926681718408822   0.3570975164325559   0.3926681718408822   0.30269309863426397   0.298894469250182   
0.36093521543873897   0.40203268315369006   0.36093521543873897   0.40203268315369006   0.2768448711357588   0.3135634459090573   
0.37301861099042843   0.4025453038887331   0.37301861099042843   0.4025453038887331   0.27299227783471064   0.3053829165953649   
0.36738314303470365   0.400124649895231   0.36738314303470365   0.400124649895231   0.3049052499087072   0.35621421961285105   
0.38141580676148507   0.41660172491908315   0.38141580676148507   0.41660172491908315   0.3403711773017059   0.34862047660034307   
0.3923006603130437   0.40866518310253197   0.3923006603130437   0.40866518310253197   0.3263582250551708   0.3362286209112336   
0.41552397288412823   0.424581817466193   0.41552397288412823   0.424581817466193   0.35636584185526365   0.3724445649548552   
