45 4 1 4 0 1 1 2 0 0 2 2 2 3 1 2 4 2 0 1 1 1 1 3 2 1 1 2 0 11 
56 0 2 5 2 0 3 7 2 2 4 5 6 6 4 5 5 5 2 0 3 4 2 6 4 2 2 0 1 47 
0 0 5 6 4 3 4 9 6 0 6 11 7 0 8 6 6 9 3 4 4 0 5 8 5 0 3 1 0 98 
0 1 7 8 7 4 5 10 0 5 7 12 0 0 10 9 9 11 5 6 7 4 6 0 6 3 7 3 0 148 
8 0 9 0 10 7 6 0 7 7 9 14 6 5 0 0 12 12 7 10 9 5 0 1 7 4 8 0 0 190 
9 3 11 1 12 9 8 0 9 10 11 17 11 6 1 1 14 15 12 11 13 6 1 3 9 9 0 2 0 231 
0 0 0 2 14 11 9 4 13 0 13 20 14 7 0 2 18 16 13 13 14 9 4 4 11 0 2 4 0 285 
5 1 0 0 15 12 12 5 0 2 14 25 15 0 1 0 20 18 14 14 17 11 9 0 12 1 6 7 0 338 
11 0 1 0 17 0 13 6 0 0 19 26 16 2 2 3 23 20 15 16 19 15 0 0 0 3 8 9 0 394 
0 3 4 0 22 5 0 7 3 0 23 27 19 0 0 7 25 23 16 19 20 0 1 1 2 4 12 13 0 439 
