34 1 1 3 0 4 3 1 2 1 0 2 4 2 0 3 3 1 1 0 1 1 2 1 2 1 1 3 0 22 
59 3 2 8 2 0 4 4 4 4 1 4 5 5 3 6 7 5 2 3 2 2 3 4 4 0 3 6 3 37 
96 0 4 9 5 2 6 5 7 6 4 7 0 7 6 8 8 7 5 0 0 4 6 7 5 1 4 7 4 52 
128 4 8 11 6 5 0 7 12 7 6 0 3 8 9 10 9 9 0 3 0 5 9 9 6 3 6 8 5 68 
159 9 11 13 8 6 2 8 14 8 7 0 6 11 0 12 10 11 2 5 2 7 10 10 7 5 10 0 6 88 
191 11 12 14 13 7 3 15 16 10 11 0 8 13 0 14 11 0 4 7 4 9 12 0 8 0 13 1 0 108 
227 14 13 15 15 8 4 0 17 12 12 2 10 14 0 18 15 1 0 8 6 11 13 1 9 5 17 4 1 124 
261 16 14 17 17 0 5 1 18 13 0 6 12 17 2 20 19 2 1 11 9 14 14 2 10 7 19 5 0 143 
300 19 15 19 18 0 6 0 23 17 1 7 15 18 0 23 20 0 5 12 10 16 16 3 13 8 0 7 0 160 
330 21 17 22 19 1 7 5 25 22 2 8 16 19 4 25 25 1 8 14 11 18 17 0 0 0 2 8 0 180 
