29 5 2 2 2 0 1 2 2 2 1 2 4 1 0 1 1 2 3 3 0 3 2 2 3 4 1 0 1 19 
49 6 7 3 3 2 2 0 5 3 4 4 5 3 3 0 4 6 4 6 2 5 3 4 5 5 3 1 0 49 
67 7 8 6 0 5 0 1 0 5 5 7 8 5 6 3 7 7 5 9 4 8 6 6 7 0 6 3 1 79 
84 0 10 7 1 11 1 3 4 6 8 10 10 6 8 4 8 8 6 11 7 9 7 8 8 3 9 0 2 112 
95 2 12 10 0 12 5 6 5 8 10 11 11 0 0 5 10 10 7 13 8 0 9 10 10 4 10 1 3 160 
115 3 13 13 0 14 7 8 0 11 13 12 0 4 1 6 12 11 9 16 10 2 12 12 0 10 11 2 5 189 
126 6 15 0 1 17 8 10 0 14 16 0 0 6 4 0 13 15 11 18 12 5 16 16 1 13 13 0 6 226 
147 7 16 1 3 0 12 11 0 0 0 3 3 8 8 2 16 16 12 21 14 6 18 18 4 14 16 1 8 256 
168 10 19 0 4 1 14 15 0 1 1 7 4 10 0 3 22 18 0 22 0 7 21 0 0 15 0 3 10 293 
182 0 20 3 6 3 15 17 2 2 4 10 5 11 2 6 26 21 1 24 3 9 25 1 3 0 0 6 11 325 
