43 1 0 1 2 2 1 2 0 1 3 0 1 3 3 2 3 0 1 3 4 4 4 2 4 1 1 0 0 8 
85 4 1 0 0 7 2 3 2 2 5 1 3 8 5 3 5 2 2 5 5 10 0 4 9 2 0 1 1 15 
139 6 6 4 1 9 3 0 0 0 8 3 8 0 8 4 7 3 6 8 7 11 1 0 12 0 0 0 0 0 
183 9 8 0 3 11 4 1 4 0 0 4 9 2 11 5 10 4 7 9 10 19 7 1 15 3 3 0 0 0 
222 11 11 5 7 12 5 0 5 2 3 5 12 0 13 0 13 7 9 13 12 22 8 4 16 4 4 3 0 6 
272 15 14 7 10 15 6 1 6 4 9 6 13 0 17 1 14 8 10 15 0 23 9 7 0 0 7 6 0 7 
320 17 16 10 11 17 8 2 7 5 10 8 0 0 20 2 17 10 0 20 6 27 11 9 1 2 0 9 0 0 
360 18 19 11 13 18 9 6 8 6 12 10 2 3 22 4 21 12 1 25 7 29 12 11 2 3 4 13 0 4 
412 21 21 0 14 20 11 0 9 8 15 11 3 5 23 5 23 15 2 0 8 30 13 15 3 4 5 16 1 10 
462 22 22 0 16 25 15 1 13 0 18 14 0 6 25 8 0 16 4 4 11 33 16 16 0 6 6 0 0 0 
