0.5   0.5   0.5   0.5   0.0   0.0   
0.520898092204736   0.3216729616282181   0.520898092204736   0.3216729616282181   0.341226920390025   0.4058336978910758   
0.5514527186478821   0.42375417125903425   0.5514527186478821   0.42375417125903425   0.2957687772063528   0.23721339753013418   
0.4921526393352176   0.42007883747751307   0.4921526393352176   0.42007883747751307   0.2967983585572514   0.20829488405554883   
0.47157363797557483   0.43475768810227833   0.47157363797557483   0.43475768810227833   0.3096733610069931   0.27594462641119083   
0.4500448917124266   0.42713846866678534   0.4500448917124266   0.42713846866678534   0.28468464762873746   0.22900901063058562   
0.4422112798620356   0.4546981335694167   0.4422112798620356   0.4546981335694167   0.29672663843830005   0.23990101813488707   
0.4182606064763576   0.4935172719319702   0.4182606064763576   0.4935172719319702   0.2903368742542126   0.2553392659295954   
0.41989802023106265   0.4938489187801403   0.41989802023106265   0.4938489187801403   0.2846652707032091   0.2630318430268513   
0.420308210294667   0.4842880010832128   0.420308210294667   0.4842880010832128   0.30380656717705384   0.29105092059143994   
