0.5   0.5   0.5   0.5   0.0   0.0   
0.1834597886312971   0.2740293023613131   0.1834597886312971   0.2740293023613131   0.2756351552637   0.4386775596066791   
0.34984599135075284   0.46593899746525674   0.34984599135075284   0.46593899746525674   0.2609080118961323   0.31966554729962693   
0.36716844229674483   0.5784029745014665   0.36716844229674483   0.5784029745014665   0.23720371206798585   0.37945083203624896   
0.3845839292950422   0.6127332164358721   0.3845839292950422   0.6127332164358721   0.22857761840175753   0.41775196846087936   
0.33100429835262885   0.6319252802523981   0.33100429835262885   0.6319252802523981   0.19868101203404415   0.40503796086756294   
0.32155068177783713   0.6478935008582545   0.32155068177783713   0.6478935008582545   0.20968522245830903   0.3942284240940692   
0.3494359626390494   0.6626670344295   0.3494359626390494   0.6626670344295   0.18544059701498497   0.39136169886663164   
0.38251415335073424   0.6511321820040483   0.38251415335073424   0.6511321820040483   0.1715739863393744   0.40599349948328267   
0.37352516051539736   0.6691879986673855   0.37352516051539736   0.6691879986673855   0.17435701833501627   0.42684654499307784   
