0.5   0.5   0.5   0.5   0.0   0.0   
0.32469708953938475   0.3743553214352543   0.32469708953938475   0.3743553214352543   0.2911845165691508   0.47548605703444685   
0.45840216311612514   0.7719477958901381   0.45840216311612514   0.7719477958901381   0.2972323228767098   0.3171629637300502   
0.4580100777723074   0.9413462175498605   0.4580100777723074   0.9413462175498605   0.3705162895704393   0.3905045246312931   
0.5151070913746649   0.8117266618852734   0.5151070913746649   0.8117266618852734   0.2976476411603862   0.39709540449304676   
0.5697539764384816   0.9207370929608126   0.5697539764384816   0.9207370929608126   0.2859801090007176   0.38739618585189667   
0.6337364331415097   1.0571329659757125   0.6337364331415097   1.0571329659757125   0.3183796995615371   0.37301800746477914   
0.5793211530969806   0.9532724696940261   0.5793211530969806   0.9532724696940261   0.3112345814647365   0.3575288438794209   
0.4518981192917312   0.860195646429398   0.4518981192917312   0.860195646429398   0.2791863768085548   0.32465676230358725   
0.5653430949448731   1.0849157539168537   0.5653430949448731   1.0849157539168537   0.2833725317537323   0.32332841263267764   
