0.5   0.5   0.5   0.5   0.0   0.0   
0.6327432564257672   0.3302328518460997   0.6327432564257672   0.3302328518460997   0.2575255454675687   0.32217206447796515   
0.5962304198408912   0.4697635030561286   0.5962304198408912   0.4697635030561286   0.2792090934228502   0.2571331059597753   
0.5383057134986227   0.46918763245537615   0.5383057134986227   0.46918763245537615   0.30357281604021485   0.22991163856847088   
0.44945679344124356   0.3122500520125899   0.44945679344124356   0.3122500520125899   0.23472251437124594   0.23377241385684713   
0.45827680788798386   0.4349283185283041   0.45827680788798386   0.4349283185283041   0.20402591921271465   0.22501210810411099   
0.48520917728252033   0.4722438943187476   0.48520917728252033   0.4722438943187476   0.24005731093607063   0.21408422064477955   
0.422855185316775   0.4085322769262114   0.422855185316775   0.4085322769262114   0.25521729860098824   0.21530806344276837   
0.3806035351046121   0.41214526906035387   0.3806035351046121   0.41214526906035387   0.26291149545135506   0.24169296251109132   
0.4742187850996274   0.623685029946175   0.4742187850996274   0.623685029946175   0.25967294804826657   0.24636442620526436   
