0.5   0.5   0.5   0.5   0.0   0.0   
0.36027160408094655   0.49238733832434484   0.36027160408094655   0.49238733832434484   0.24238117448471927   0.2710488505747126   
0.4033162802280915   0.5591100160319107   0.4033162802280915   0.5591100160319107   0.3035332267235251   0.3569324712643678   
0.3941124528746462   0.5471064668812909   0.3941124528746462   0.5471064668812909   0.26375000000000026   0.3329741379310344   
0.4613550849393758   0.5446729398710611   0.4613550849393758   0.5446729398710611   0.2728422619047619   0.3852729885057471   
0.4357275511341511   0.5100876963436541   0.4357275511341511   0.5100876963436541   0.280267857142857   0.36677442528735643   
0.4398071872797912   0.522953481518311   0.4398071872797912   0.522953481518311   0.26833333333333337   0.3676364942528736   
0.40992825476698846   0.5113225079208994   0.40992825476698846   0.5113225079208994   0.23218749999999996   0.37004310344827585   
0.42124828543121784   0.5287838037928281   0.42124828543121784   0.5287838037928281   0.25688988095238086   0.33164511494252874   
0.43784476066722355   0.5253770684782494   0.43784476066722355   0.5253770684782494   0.2773660714285713   0.3497485632183911   
