0.5   0.5   0.5   0.5   0.0   0.0   
0.5254940584951331   0.2567093725984606   0.5254940584951331   0.2567093725984606   0.33628846075121577   0.4035476532567049   
0.49591494239661454   0.3754241894659692   0.49591494239661454   0.3754241894659692   0.3262233755523623   0.3453526101532568   
0.49317553487352994   0.4797132763334832   0.49317553487352994   0.4797132763334832   0.2845236154244307   0.3288254310344829   
0.4974749410703196   0.4056722718964869   0.4974749410703196   0.4056722718964869   0.28154141865079346   0.3044097222222222   
0.5034846723404168   0.42034811507501946   0.5034846723404168   0.42034811507501946   0.283688988095238   0.2842379070881228   
0.4713568005059069   0.45689890294794694   0.4713568005059069   0.45689890294794694   0.30167460317460315   0.29847641283524895   
0.4695404539588715   0.41293543763507634   0.4695404539588715   0.41293543763507634   0.33407812500000017   0.30024066091954027   
0.45491378702961166   0.4081259754316185   0.45491378702961166   0.4081259754316185   0.3156505456349204   0.29554178639846723   
0.4615276835000817   0.43171407539521595   0.4615276835000817   0.43171407539521595   0.3184174107142857   0.29939954501915705   
