0.5   0.5   0.5   0.5   0.0   0.0   
0.3424191378633726   0.30724615634572816   0.3424191378633726   0.30724615634572816   0.2654995532820794   0.3709655829032986   
0.3963081890603502   0.2945332293281897   0.3963081890603502   0.2945332293281897   0.29326516969109745   0.2665667500145894   
0.36678327969224334   0.35976906465326847   0.36678327969224334   0.35976906465326847   0.3197041177970677   0.24374111887959182   
0.36422394340981723   0.3669520255729018   0.36422394340981723   0.3669520255729018   0.2982938528642158   0.29088791337349046   
0.427494531440645   0.3499391761986891   0.427494531440645   0.3499391761986891   0.33299846356679974   0.2606513076761646   
0.4416287188279856   0.31228672797865786   0.4416287188279856   0.31228672797865786   0.3095841105363189   0.25867328601776085   
0.40624568113215487   0.35627588016809225   0.40624568113215487   0.35627588016809225   0.29094316178444196   0.2583442219475612   
0.4045630596047749   0.38277124295143056   0.4045630596047749   0.38277124295143056   0.3421341299453338   0.2977297083185978   
0.40660470685791045   0.3935205015149481   0.40660470685791045   0.3935205015149481   0.2885797970971545   0.28975812667534573   
