47 0 4 1 1 1 3 1 1 1 3 1 1 1 1 0 4 5 1 0 4 1 1 0 1 3 4 3 0 6 
57 2 5 3 3 2 6 3 3 2 8 4 4 3 4 0 0 7 3 2 6 2 2 0 4 7 9 6 1 38 
0 4 0 4 5 0 12 4 6 5 11 5 5 7 5 3 1 9 4 0 0 4 3 3 5 9 12 9 0 88 
0 6 1 0 9 2 13 0 7 8 0 6 12 8 6 0 2 13 0 0 1 0 0 5 10 12 13 15 0 141 
5 7 0 1 10 4 16 1 9 9 3 7 13 0 10 2 7 0 2 1 0 4 2 0 11 14 15 16 0 193 
6 10 2 3 12 7 20 3 0 10 6 11 14 1 11 6 8 2 0 6 1 8 7 2 12 16 16 19 0 232 
0 12 3 5 0 0 21 5 0 12 9 13 15 0 12 9 11 4 1 10 2 11 10 5 0 18 0 21 0 288 
1 15 0 7 1 4 24 6 1 14 13 15 16 2 15 12 13 5 0 16 3 13 0 0 4 19 1 22 0 336 
7 18 3 11 3 5 27 8 2 0 14 18 18 6 17 14 14 9 2 0 5 17 3 1 5 0 3 24 1 374 
0 0 6 15 4 7 29 11 4 1 15 19 21 8 0 18 18 11 0 0 7 18 5 3 7 2 5 25 0 425 
