43 1 2 0 2 0 3 1 3 5 2 2 1 1 1 2 0 6 0 1 1 1 3 5 2 0 4 2 2 4 
52 4 3 1 4 4 5 3 4 7 0 3 3 3 7 0 1 0 1 4 0 5 4 11 4 3 7 3 0 41 
0 0 0 4 5 7 6 4 0 0 6 5 5 6 10 1 4 2 2 0 5 6 5 12 6 6 9 4 0 93 
0 2 1 5 8 0 8 0 2 1 8 10 6 10 13 5 5 4 0 3 7 8 9 13 8 8 12 0 0 140 
6 3 5 10 9 3 12 3 0 0 10 12 7 14 15 0 6 0 2 6 8 10 11 14 12 0 13 3 0 182 
7 7 7 13 11 5 0 5 0 2 12 13 9 17 16 2 7 0 5 8 11 11 0 20 13 1 0 6 0 232 
0 0 8 14 13 7 2 6 2 3 13 16 14 18 18 4 0 3 0 0 12 12 3 21 16 4 0 8 0 289 
2 0 9 15 0 11 3 7 0 4 14 21 15 20 19 5 0 0 0 3 15 13 4 23 18 7 1 11 0 348 
5 3 11 19 1 12 4 8 3 6 15 24 18 22 20 0 0 3 1 5 17 15 6 24 0 10 3 12 0 398 
0 5 13 20 4 14 5 0 5 8 16 25 20 0 22 4 2 4 0 6 18 16 9 0 3 12 5 16 0 453 
