0.5   0.5   0.5   0.5   0.0   0.0   
0.45846443233123063   0.28771493940805026   0.45846443233123063   0.28771493940805026   0.3721019292410706   0.3893167535404275   
0.34768705900964336   0.34596611043308484   0.34768705900964336   0.34596611043308484   0.3251593978977   0.275711147699318   
0.3337112714318756   0.329322866743227   0.3337112714318756   0.329322866743227   0.36321110850976907   0.30847480292969937   
0.32568145280844385   0.30765656478870373   0.32568145280844385   0.30765656478870373   0.27598594508169794   0.276933838584637   
0.3707445595601204   0.33750128584154415   0.3707445595601204   0.33750128584154415   0.30678777955280273   0.2616990068265179   
0.4027473134327597   0.41421022623719933   0.4027473134327597   0.41421022623719933   0.3187263115507473   0.2722622157773827   
0.42431032557681914   0.39027001860245036   0.42431032557681914   0.39027001860245036   0.34618689779671097   0.30654389644615443   
0.4446667378314725   0.38126379170780933   0.4446667378314725   0.38126379170780933   0.3548706121518265   0.29702009545393476   
0.44230940884211084   0.3569122142492213   0.44230940884211084   0.3569122142492213   0.34718075937017795   0.29880917791773576   
