31 3 2 2 1 1 4 2 3 2 2 0 2 3 0 7 4 1 2 4 0 3 0 1 0 2 1 1 0 16 
63 7 3 5 2 3 5 5 4 5 5 2 6 5 0 9 6 2 5 6 0 0 1 6 2 4 2 0 1 32 
93 8 5 7 5 4 7 6 0 9 7 0 8 10 2 14 0 3 6 0 0 2 3 8 5 6 4 4 2 50 
115 10 7 9 8 5 8 8 2 10 11 0 9 13 3 17 3 0 9 1 3 4 4 12 7 8 0 8 3 74 
136 15 10 10 13 6 11 0 6 11 13 2 15 15 4 18 0 0 0 2 0 6 5 15 10 9 0 11 0 102 
158 16 11 13 15 8 12 1 9 13 14 5 17 16 5 20 0 2 2 0 2 7 6 17 11 11 3 13 1 135 
193 17 0 16 18 11 15 2 10 15 0 6 0 17 9 22 1 3 5 2 0 9 7 21 12 13 6 14 0 154 
212 19 2 18 25 13 0 0 12 17 0 8 1 18 10 25 6 6 6 3 2 10 9 0 14 15 8 16 2 183 
243 21 6 19 26 16 3 3 16 20 3 11 5 20 11 0 7 8 0 5 4 13 0 1 0 18 0 0 4 199 
271 22 8 20 28 17 6 5 18 21 5 13 0 22 13 2 9 11 6 8 6 17 0 3 2 21 1 2 7 213 
