43 2 2 3 2 2 1 3 1 1 1 1 3 3 0 4 3 2 2 1 1 1 1 1 2 2 1 2 0 9 
56 3 6 5 4 4 3 0 0 2 5 2 0 5 0 5 6 6 3 4 0 5 2 3 3 7 4 4 0 45 
0 4 7 6 0 5 4 0 1 5 6 4 1 6 3 8 0 9 6 5 4 6 0 5 4 8 6 5 0 106 
0 0 8 10 0 6 7 6 2 8 8 7 2 10 0 9 0 11 7 8 5 8 2 0 6 11 8 7 0 156 
7 1 12 11 1 7 9 7 4 10 9 13 4 12 3 0 1 15 8 9 7 11 4 4 10 0 10 8 0 195 
8 4 13 13 4 9 14 9 5 12 13 0 7 13 5 2 4 18 12 10 0 12 6 7 12 1 12 9 1 237 
0 6 15 0 5 10 0 13 9 14 15 1 8 0 8 4 6 21 14 13 1 15 8 0 13 2 13 12 0 290 
1 10 17 0 7 14 1 14 12 15 20 3 10 1 9 0 7 23 15 16 2 19 12 0 14 5 14 14 0 337 
7 11 18 0 8 0 2 16 15 18 23 6 14 0 11 3 8 0 0 17 4 22 16 2 16 9 18 15 0 380 
0 0 19 2 9 0 5 0 0 20 28 9 18 0 12 4 11 1 0 0 0 24 18 3 18 0 19 17 0 443 
