34 3 1 0 2 3 7 4 3 1 4 4 2 1 2 2 1 1 2 3 3 1 2 1 2 1 1 3 0 6 
52 4 0 2 4 5 8 5 0 4 8 8 6 2 3 4 0 4 0 5 5 4 0 0 3 2 0 5 0 46 
53 5 3 8 7 7 11 6 2 5 9 0 7 4 7 0 3 6 0 7 7 6 2 4 6 3 5 0 0 89 
0 7 0 0 12 9 14 9 6 7 0 2 8 5 10 0 7 8 0 9 12 8 0 6 7 4 7 2 0 138 
4 10 5 2 13 11 15 11 8 9 1 3 9 9 0 2 12 12 0 0 14 9 2 7 9 0 8 0 1 186 
8 11 0 0 16 14 19 12 10 11 5 4 0 11 3 6 0 14 1 1 0 12 3 8 12 1 0 2 2 236 
0 0 2 2 19 0 21 15 11 13 8 5 1 13 5 10 3 19 3 2 2 14 0 10 14 2 2 3 0 285 
4 7 6 4 20 2 23 0 13 0 0 8 4 0 6 0 6 0 6 4 5 16 2 13 15 0 3 4 0 333 
6 10 9 0 23 5 26 2 17 0 6 10 0 3 10 2 0 2 8 7 7 18 0 14 19 1 5 6 0 372 
0 11 11 2 25 0 29 3 0 2 9 0 2 6 12 4 0 6 0 8 8 20 0 15 21 3 9 10 0 426 
