38 1 3 3 0 1 2 3 5 3 2 2 0 0 0 4 1 1 3 1 3 1 1 1 5 1 2 1 2 10 
81 0 6 6 1 0 5 7 0 0 4 3 1 0 1 7 5 2 5 3 5 3 4 2 7 4 7 4 4 13 
134 4 7 8 4 1 0 10 0 2 8 5 2 2 0 0 7 3 9 5 6 0 6 5 9 6 9 5 0 0 
188 8 9 9 6 0 1 11 3 3 9 8 4 0 0 0 9 6 12 7 8 1 11 6 10 8 10 7 0 0 
236 10 10 15 9 2 0 0 7 4 12 10 0 2 1 1 11 7 14 9 9 2 13 7 13 9 11 10 1 3 
297 0 0 20 0 4 0 1 0 5 14 12 0 3 3 3 13 0 17 13 11 4 0 8 16 0 12 11 0 5 
351 2 1 22 2 8 2 0 1 8 15 13 3 0 5 6 15 0 19 14 14 6 1 10 17 4 0 12 0 0 
391 4 3 26 4 0 0 4 2 12 18 15 4 2 0 9 18 3 22 15 0 9 2 12 20 0 3 14 0 6 
396 5 6 29 5 2 1 6 5 13 19 18 5 3 2 10 20 5 25 0 1 12 0 13 21 2 5 16 2 54 
0 6 10 31 7 0 2 9 0 0 20 19 6 0 6 13 23 9 26 3 0 13 2 14 26 6 0 18 0 105 
