0.5   0.5   0.5   0.5   0.0   0.0   
0.47173670125235895   0.5910089195421492   0.47173670125235895   0.5910089195421492   0.23375961352132282   0.281133906479223   
0.49072169586167597   0.46391978318463695   0.49072169586167597   0.46391978318463695   0.2912520869372097   0.3023985565330912   
0.4614721236812746   0.43723111158309563   0.4614721236812746   0.43723111158309563   0.2827719619402619   0.27216838414260613   
0.46653453413288387   0.40927993344223496   0.46653453413288387   0.40927993344223496   0.3052423284028116   0.2711267011624073   
0.44577524352230063   0.45695696245621803   0.44577524352230063   0.45695696245621803   0.2793653147978407   0.29188115050625785   
0.4506199881542485   0.46886602759237406   0.4506199881542485   0.46886602759237406   0.29016177511257285   0.2822122378838216   
0.4410174313095609   0.5221017220609808   0.4410174313095609   0.5221017220609808   0.28085772749341875   0.3095836050882819   
0.440143430407255   0.5479416583686368   0.440143430407255   0.5479416583686368   0.3239333454268927   0.3303926885508889   
0.4412120954566791   0.5444224639197154   0.4412120954566791   0.5444224639197154   0.27987645121422233   0.31266817975194117   
