0.5   0.5   0.5   0.5   0.0   0.0   
0.48536789959503845   0.4920989293138602   0.48536789959503845   0.4920989293138602   0.25670060196585737   0.37193624690841803   
0.5444350591028734   0.44241298167196735   0.5444350591028734   0.44241298167196735   0.29118565625438564   0.28620334471770464   
0.5434673891967758   0.41113733465827873   0.5434673891967758   0.41113733465827873   0.31481971969587264   0.28650541716127975   
0.4802049981752398   0.47468879460640906   0.4802049981752398   0.47468879460640906   0.30659459310062476   0.29059928059545903   
0.457447650904352   0.431916994127234   0.457447650904352   0.431916994127234   0.2845765557768605   0.2601300647634893   
0.47181646848975056   0.44726262345003315   0.47181646848975056   0.44726262345003315   0.31822155018769605   0.26676742940158904   
0.4752099132306942   0.46012305171926215   0.4752099132306942   0.46012305171926215   0.33192815351694566   0.31073723504513356   
0.4793146488023694   0.47926737508848716   0.4793146488023694   0.47926737508848716   0.3208081576810154   0.3190505548222969   
0.47340446021896404   0.4614041529797829   0.47340446021896404   0.4614041529797829   0.2951312764964034   0.3164817095469078   
