0.5   0.5   0.5   0.5   0.0   0.0   
0.39393257328453274   0.4533484705870737   0.39393257328453274   0.4533484705870737   0.28049264758399023   0.44028076827635754   
0.556009260873696   0.7742327393516374   0.556009260873696   0.7742327393516374   0.3037485367930796   0.3856665352451955   
0.5580207066690998   0.9179403004895105   0.5580207066690998   0.9179403004895105   0.33239765196107174   0.3526473715453115   
0.4037907275296242   0.7904027134561062   0.4037907275296242   0.7904027134561062   0.27527729814962754   0.3654110104142715   
0.4842417697839538   0.8890909610641318   0.4842417697839538   0.8890909610641318   0.25657940329512385   0.33566899500536296   
0.5383734565603915   0.9978874801798796   0.5383734565603915   0.9978874801798796   0.2783003266062449   0.3753869755187137   
0.5174771637333867   0.9136914065750831   0.5174771637333867   0.9136914065750831   0.2959990207332752   0.396602338138317   
0.40897810191505485   0.8103127862455496   0.40897810191505485   0.8103127862455496   0.25020391726774627   0.3753864716129756   
0.5110857515659712   1.0225084519584857   0.5110857515659712   1.0225084519584857   0.2744476097908816   0.3665346592784541   
