0.5   0.5   0.5   0.5   0.0   0.0   
0.49868810952287834   1.1356200330294542E-8   0.49868810952287834   1.1356200330294542E-8   0.27159256598062437   0.3546166905605   
0.49606435371721   0.48636472738029923   0.49606435371721   0.48636472738029923   0.2606666217503344   0.25875163972049786   
0.4755215615299033   0.3927804364266011   0.4755215615299033   0.3927804364266011   0.28215021126075085   0.2439735560472239   
0.3918383747857963   0.39038631427232434   0.3918383747857963   0.39038631427232434   0.2982645701553647   0.24887957949197326   
0.3899386763934207   0.44517176059452007   0.3899386763934207   0.44517176059452007   0.2798362759810461   0.27011232345364866   
0.3966295094742682   0.4659471449330758   0.3966295094742682   0.4659471449330758   0.3401024632607906   0.28057880452447265   
0.38999043682817125   0.522720407416894   0.38999043682817125   0.522720407416894   0.3509800431993576   0.28470851999406455   
0.3715814658551992   0.5718861674476703   0.3715814658551992   0.5718861674476703   0.3191513427662756   0.29958638973561086   
0.36960387749917045   0.5670412943158969   0.36960387749917045   0.5670412943158969   0.29579803268332516   0.29389026634069176   
