0.5   0.5   0.5   0.5   0.0   0.0   
0.3227264906673374   0.1238867731305527   0.3227264906673374   0.1238867731305527   0.37196453070520036   0.36728853797072863   
0.2181000030414878   0.2085749065000472   0.2181000030414878   0.2085749065000472   0.3232451356128518   0.26927669840488294   
0.2549532267420342   0.19050403731086127   0.2549532267420342   0.19050403731086127   0.30372856103595214   0.25905255997294446   
0.30226818077671685   0.24113467872351307   0.30226818077671685   0.24113467872351307   0.29703370010524766   0.2526904576203963   
0.2892472162221387   0.33126296886552237   0.2892472162221387   0.33126296886552237   0.30461685447340303   0.26451674624319715   
0.29913182198542787   0.4226523356737828   0.29913182198542787   0.4226523356737828   0.33939207577665637   0.2912434943517174   
0.31245760338306455   0.4842196620515191   0.31245760338306455   0.4842196620515191   0.31989679118692277   0.29570892780037095   
0.32854246997789266   0.5442557010470962   0.32854246997789266   0.5442557010470962   0.298052971461888   0.28694562522291056   
0.3325436407217116   0.5748883756015176   0.3325436407217116   0.5748883756015176   0.2664906134533166   0.27805046762171287   
