29 3 4 5 2 2 2 0 0 1 2 2 2 2 1 1 2 1 1 3 2 3 3 1 1 3 4 2 2 14 
69 4 5 7 4 5 4 1 1 3 3 3 5 3 0 3 3 0 3 6 4 5 5 3 0 4 5 4 3 32 
93 6 6 9 5 7 5 4 3 4 5 5 12 4 2 4 6 2 4 11 5 7 7 8 4 6 9 5 0 46 
124 0 7 11 7 0 7 6 4 7 0 6 13 7 5 7 7 3 5 0 9 9 12 11 6 7 12 7 1 65 
157 1 11 15 10 1 8 11 5 9 4 8 15 8 8 8 10 0 7 1 10 10 13 12 10 0 14 9 2 78 
192 0 12 17 0 0 10 14 9 10 6 9 16 9 0 11 11 1 11 0 11 14 14 14 13 1 15 11 3 100 
228 2 13 19 1 3 0 15 13 13 7 10 21 10 3 12 13 4 12 3 12 16 15 16 16 2 16 13 5 111 
262 0 15 21 0 5 1 16 0 17 13 12 23 14 5 0 15 6 0 6 18 19 16 19 19 3 0 14 6 123 
288 3 18 0 1 7 0 20 3 20 15 14 24 0 7 0 17 10 1 8 20 22 19 21 21 7 1 0 0 145 
310 4 22 1 2 8 0 23 7 22 0 18 25 2 8 2 18 13 3 11 23 23 21 23 23 10 4 4 3 164 
