0.5   0.5   0.5   0.5   0.0   0.0   
0.2442768117218196   0.32280085063628206   0.2442768117218196   0.32280085063628206   0.40409535564600757   0.5457561462744384   
0.3472287292934158   0.6701958261877612   0.3472287292934158   0.6701958261877612   0.36181833563695764   0.36631583757059183   
0.34926452388231005   0.8302408128111718   0.34926452388231005   0.8302408128111718   0.32708727914666075   0.3748273984095888   
0.3689949313422353   0.6965704144234514   0.3689949313422353   0.6965704144234514   0.27299783529290533   0.3732622525588598   
0.36049285291614547   0.8295549302959235   0.36049285291614547   0.8295549302959235   0.25792699148612164   0.33597035824589755   
0.40023911537603996   0.9640878294496982   0.40023911537603996   0.9640878294496982   0.22968450063222146   0.3200920498251339   
0.42452196798945047   0.8820630730789821   0.42452196798945047   0.8820630730789821   0.2582059028691834   0.34506889868856555   
0.39689366885211225   0.8013549784448273   0.39689366885211225   0.8013549784448273   0.22011784685803507   0.33239147686762877   
0.4955153321649141   1.0120574345891329   0.4955153321649141   1.0120574345891329   0.20902879245088746   0.33002493700726837   
