31 4 2 2 2 1 1 1 1 0 3 4 3 0 1 1 2 2 1 1 1 6 3 1 2 1 2 2 1 18 
62 7 4 5 5 3 3 3 4 1 5 7 6 0 3 4 3 7 0 3 5 0 6 2 0 5 3 0 2 31 
77 0 5 6 6 4 4 5 6 3 0 0 11 4 6 5 0 10 0 0 6 1 8 4 3 7 7 2 3 71 
93 2 8 8 8 5 8 6 9 4 2 0 13 6 0 0 2 11 3 2 7 3 9 6 5 10 0 4 6 106 
110 3 9 9 0 6 0 8 12 10 5 1 14 0 2 4 5 13 6 4 10 4 11 9 8 11 1 8 8 133 
128 4 11 10 1 10 1 9 14 11 0 2 15 3 4 6 0 16 0 0 14 6 13 10 9 14 4 11 9 169 
148 8 12 11 5 0 2 11 15 12 3 4 17 5 5 0 2 18 3 0 17 7 17 13 13 16 7 12 10 195 
164 9 15 13 9 1 0 12 16 13 0 8 19 7 7 3 4 20 6 2 19 8 20 15 14 18 9 15 12 225 
185 12 17 15 11 3 1 13 18 14 2 9 0 9 0 0 0 21 9 5 20 10 21 17 16 20 0 20 0 261 
203 13 18 19 13 5 0 15 21 16 4 10 2 12 4 1 3 0 10 8 21 13 0 19 18 21 1 23 1 292 
