28 3 1 0 4 4 3 5 1 1 6 4 0 0 2 2 1 3 0 1 2 4 2 1 0 3 1 0 0 18 
58 4 3 1 6 7 6 9 0 3 0 5 1 0 4 4 2 4 1 2 4 5 4 2 1 6 2 2 2 45 
92 7 4 2 9 0 7 0 3 4 3 7 0 1 7 6 0 5 0 3 6 8 0 4 6 8 4 3 3 67 
124 9 6 4 10 1 10 1 4 0 4 8 0 3 11 8 2 0 3 5 7 10 2 5 10 9 6 6 5 87 
149 11 7 6 0 2 12 0 5 4 5 9 2 5 0 10 6 3 0 8 11 13 4 10 11 11 9 9 6 107 
181 12 9 0 0 4 13 3 7 5 9 13 0 8 4 13 8 7 2 0 14 15 0 11 14 14 16 0 8 116 
217 0 11 2 5 5 15 4 11 6 12 15 2 0 5 0 9 9 3 1 0 17 1 14 15 17 19 2 0 134 
255 0 12 3 8 6 17 6 13 9 13 19 3 1 6 2 12 0 4 2 2 19 5 16 16 18 20 3 1 151 
283 0 15 6 9 8 0 8 15 10 0 0 12 2 7 4 14 2 7 4 4 21 6 17 19 21 0 4 3 172 
316 1 17 8 10 9 2 11 17 13 0 4 13 7 10 5 0 4 11 8 5 24 7 18 21 22 3 0 5 184 
