0.5   0.5   0.5   0.5   0.0   0.0   
0.3731712948478982   0.3120354728204146   0.3731712948478982   0.3120354728204146   0.2912447727248216   0.34203688347059824   
0.4756849073637989   0.434884780139548   0.4756849073637989   0.434884780139548   0.3077723980374726   0.27349378651055967   
0.48750478232028555   0.468485092368963   0.48750478232028555   0.468485092368963   0.32749192916436015   0.2571353745043741   
0.48335938338789486   0.5095740142554098   0.48335938338789486   0.5095740142554098   0.29924701460891545   0.2398361460723704   
0.4530627473288336   0.49939371479773703   0.4530627473288336   0.49939371479773703   0.3165576323259034   0.30823492029211896   
0.4492038109102411   0.5135372201443829   0.4492038109102411   0.5135372201443829   0.29150729697604205   0.31854576409535146   
0.43327745037417814   0.5220265447375038   0.43327745037417814   0.5220265447375038   0.30229635387387127   0.3317341027080218   
0.43006847827665007   0.543203032020965   0.43006847827665007   0.543203032020965   0.30116803228949796   0.36501604795849335   
0.4351119309643626   0.5281508433946616   0.4351119309643626   0.5281508433946616   0.29537658978421377   0.3940749866075587   
