0.5   0.5   0.5   0.5   0.0   0.0   
0.2997576248820609   0.46892185129452446   0.2997576248820609   0.46892185129452446   0.31513462851903756   0.48937663485837635   
0.4288686804680774   0.8743890565397007   0.4288686804680774   0.8743890565397007   0.3413123958486117   0.4329741936067248   
0.43004152807677926   0.9826953302033987   0.43004152807677926   0.9826953302033987   0.2829432554746784   0.32981237975986205   
0.2739261049999735   0.8236409518509609   0.2739261049999735   0.8236409518509609   0.20821238520971758   0.30913497218418595   
0.366175852436593   0.9227980919140998   0.366175852436593   0.9227980919140998   0.19131111986014618   0.29505594798715357   
0.40703771549399315   1.05378897331314   0.40703771549399315   1.05378897331314   0.21952742095817027   0.3285211777197609   
0.34456141991765765   0.9735695177284214   0.34456141991765765   0.9735695177284214   0.23300439384040206   0.3346888133980819   
0.2977917774157213   0.8738274256088234   0.2977917774157213   0.8738274256088234   0.23679144505611446   0.3323418958869083   
0.3724827368473713   1.099275780790851   0.3724827368473713   1.099275780790851   0.23292463580611397   0.3301017305794187   
