0.5   0.5   0.5   0.5   0.0   0.0   
0.5565203772506863   0.34192554303773964   0.5565203772506863   0.34192554303773964   0.3124903713750332   0.37788101420773856   
0.4895008672714291   0.4171296746188678   0.4895008672714291   0.4171296746188678   0.2518684873384577   0.24756424385191045   
0.5551948836614259   0.3860776944008253   0.5551948836614259   0.3860776944008253   0.29228126437619223   0.269875051562645   
0.5476623580588067   0.45468787074421263   0.5476623580588067   0.45468787074421263   0.26972906468232016   0.28363434075032296   
0.5202999756627564   0.4585807553362821   0.5202999756627564   0.4585807553362821   0.2732998003347407   0.2820267198598149   
0.5165903458427912   0.46580684099914804   0.5165903458427912   0.46580684099914804   0.2952735029257988   0.28018076297795624   
0.4998070803952685   0.4587853513474254   0.4998070803952685   0.4587853513474254   0.3186086298207841   0.257745837399881   
0.5131597822930325   0.47163333458273027   0.5131597822930325   0.47163333458273027   0.33685064616738053   0.26207932363953984   
0.5100232128474159   0.5034347489594855   0.5100232128474159   0.5034347489594855   0.32570051131581335   0.27986355246372435   
