0.5   0.5   0.5   0.5   0.0   0.0   
0.46967459371311815   0.4569143398903656   0.46967459371311815   0.4569143398903656   0.2675339609821147   0.4074248408719612   
0.3146190506142672   0.4914296280260262   0.3146190506142672   0.4914296280260262   0.3157863065537266   0.3183704058175063   
0.3925803872320808   0.5457769965594722   0.3925803872320808   0.5457769965594722   0.3524740440478232   0.34184345312337344   
0.42186562423421453   0.5906955473962848   0.42186562423421453   0.5906955473962848   0.31890837848133513   0.3259899267344958   
0.4159650194080297   0.6302140273796639   0.4159650194080297   0.6302140273796639   0.29100922850343325   0.35009041615318276   
0.4391416178850368   0.6897732367317727   0.4391416178850368   0.6897732367317727   0.2582799114952932   0.3880469405344075   
0.39249138990294646   0.6975094036878321   0.39249138990294646   0.6975094036878321   0.25051337407690094   0.3993107242423866   
0.404272615590926   0.7148712029827725   0.404272615590926   0.7148712029827725   0.2413182190003054   0.38599244115950676   
0.39101635577665367   0.7305815502962332   0.39101635577665367   0.7305815502962332   0.22477392650742795   0.3941478137938826   
