43 3 1 2 4 2 2 1 1 3 2 1 1 2 6 3 1 5 0 1 0 2 1 1 1 0 1 3 1 6 
52 6 0 3 8 5 3 2 2 4 4 4 8 0 8 6 2 9 1 4 2 3 0 2 4 2 0 0 0 47 
0 7 2 8 12 8 4 3 0 6 7 5 9 1 0 8 5 13 2 6 0 4 0 4 6 0 4 3 0 98 
0 8 4 11 14 9 5 5 2 8 9 6 14 2 2 10 0 16 3 7 2 6 0 0 10 2 5 5 0 151 
3 11 0 12 18 13 7 6 4 9 10 0 15 6 0 0 0 18 5 9 5 9 1 1 13 3 6 7 1 202 
5 13 3 13 19 17 11 0 5 11 12 1 17 8 1 1 1 19 6 11 7 11 2 0 18 5 8 8 0 253 
0 14 5 0 21 0 14 1 8 14 16 2 21 11 2 2 6 0 8 0 10 12 4 3 20 6 9 10 0 302 
1 18 9 1 22 3 15 2 10 15 18 3 23 12 3 3 0 2 9 1 14 16 5 5 27 7 10 14 0 347 
6 21 11 5 23 7 0 4 13 17 20 5 28 0 7 4 2 4 0 4 15 0 6 8 30 8 0 16 2 387 
0 23 0 0 24 10 2 0 16 18 23 8 30 2 0 6 5 0 2 6 18 1 8 11 34 12 1 17 0 437 
