51 3 2 0 1 0 1 1 2 1 2 0 2 1 1 3 6 2 2 2 0 1 1 1 0 4 0 2 3 5 
98 4 6 4 3 2 4 0 3 2 5 1 4 4 2 6 8 4 5 0 2 5 0 2 0 5 0 0 4 11 
152 6 10 0 7 0 7 1 4 0 7 2 6 9 4 8 9 6 6 0 4 7 0 4 1 9 2 0 0 0 
201 8 11 2 8 1 0 0 6 2 10 3 9 11 5 11 0 7 9 3 8 9 0 6 3 12 5 4 0 0 
242 9 12 3 12 4 1 1 8 8 13 4 10 14 8 14 3 9 11 5 10 0 3 0 0 0 7 7 1 5 
294 12 13 5 13 0 2 2 10 12 15 0 12 15 0 15 4 11 12 7 0 1 6 2 5 2 8 11 0 8 
349 13 14 9 15 2 3 5 11 13 17 2 13 17 1 17 5 12 0 9 1 2 8 0 8 4 11 14 0 0 
403 15 0 0 17 4 0 7 12 16 21 6 14 18 4 18 0 13 1 0 3 3 0 1 9 7 12 17 1 5 
449 16 0 1 18 0 1 9 15 17 22 9 15 19 6 19 2 14 3 3 0 4 3 4 12 0 19 19 2 12 
497 19 1 2 20 1 5 0 18 19 23 11 16 21 10 21 0 18 5 5 1 5 7 5 0 2 22 22 0 0 
