35 6 1 0 0 2 1 1 3 0 0 2 0 1 2 2 0 0 1 2 1 4 5 0 2 3 1 1 0 24 
56 9 4 1 3 3 3 0 4 1 1 3 4 0 3 4 0 1 5 3 2 7 6 4 5 5 3 2 0 56 
87 10 6 3 8 5 4 1 5 3 0 0 0 4 6 5 0 3 0 7 7 8 8 6 6 8 5 5 0 75 
121 12 7 6 10 7 5 5 9 5 2 1 3 0 0 6 4 7 3 9 0 9 12 0 9 9 0 6 2 88 
161 0 0 0 16 8 6 0 13 8 3 2 4 3 5 0 5 9 0 0 3 0 14 3 12 10 1 7 3 104 
193 3 2 1 17 12 7 4 16 10 4 4 5 0 6 1 7 11 2 1 5 3 0 5 15 13 3 9 7 117 
225 8 4 0 18 14 9 0 18 0 6 0 6 1 10 3 9 14 3 0 6 6 2 6 18 19 5 10 8 135 
256 9 8 1 19 18 11 2 21 0 9 2 9 2 12 8 0 17 5 2 7 0 6 0 22 20 8 12 0 148 
293 10 0 4 20 19 13 6 22 3 0 6 11 3 0 9 1 18 7 5 0 5 0 1 23 23 10 14 2 164 
321 13 2 7 24 21 14 0 23 5 1 10 12 0 1 11 2 21 11 7 1 0 0 4 24 24 11 16 4 188 
