0.5   0.5   0.5   0.5   0.0   0.0   
0.3364646156241574   0.4455297367654171   0.3364646156241574   0.4455297367654171   0.25386665770710815   0.37896351402055944   
0.47278878612084724   0.8886372655171871   0.47278878612084724   0.8886372655171871   0.2788743047523839   0.3132164309371868   
0.4783834978952195   1.007639809412618   0.4783834978952195   1.007639809412618   0.3403893660294019   0.3344186556196887   
0.40381369415695023   0.8104307079246957   0.40381369415695023   0.8104307079246957   0.2694919318596717   0.313570752077546   
0.5053735167850851   0.9371097537095986   0.5053735167850851   0.9371097537095986   0.2596940275086868   0.32846460618265344   
0.5631781662502602   1.0500824575600622   0.5631781662502602   1.0500824575600622   0.28009986157974304   0.3357354812316176   
0.5472500706342712   0.9469688582475712   0.5472500706342712   0.9469688582475712   0.29081190324195394   0.3717570951521555   
0.5141072786819489   0.8382765033880644   0.5141072786819489   0.8382765033880644   0.24940489376929723   0.34952894862181194   
0.6428807865987233   1.0461950909308106   0.6428807865987233   1.0461950909308106   0.24861867586318032   0.33721645805924216   
