0.5   0.5   0.5   0.5   0.0   0.0   
0.49671534944493567   0.499535106992451   0.49671534944493567   0.499535106992451   0.3634186160074317   0.48646076423058154   
0.7268936418547365   0.6333637322004512   0.7268936418547365   0.6333637322004512   0.3787702331291837   0.27943058320234654   
0.698549472125121   0.6465304170532876   0.698549472125121   0.6465304170532876   0.4044960847573534   0.22355200696043043   
0.49630187943585397   0.4849171436472114   0.49630187943585397   0.4849171436472114   0.3460618471323313   0.23904103332229307   
0.5360643958895319   0.6161495407855628   0.5360643958895319   0.6161495407855628   0.32214265575204626   0.24442692110006226   
0.5960827022825942   0.7936866248245728   0.5960827022825942   0.7936866248245728   0.283366454037739   0.24387067786801023   
0.5378977158364019   0.7926642683311657   0.5378977158364019   0.7926642683311657   0.25585220662179664   0.23052807862996885   
0.48964926527597125   0.7393301294386536   0.48964926527597125   0.7393301294386536   0.2201270204997127   0.23710455460195692   
0.6108279155254746   0.9714745126560984   0.6108279155254746   0.9714745126560984   0.20222918526977088   0.24413358546646863   
