45 1 2 0 2 1 2 2 3 0 3 1 2 1 2 3 3 1 1 3 2 2 4 1 2 1 1 2 0 7 
87 4 6 1 3 3 3 3 7 1 4 3 4 2 4 5 6 3 2 5 3 5 6 5 3 3 0 0 0 16 
131 0 7 4 5 5 0 5 9 0 6 6 5 4 0 7 7 5 3 8 7 7 10 7 8 6 4 3 0 0 
181 2 10 6 7 7 0 7 10 0 8 0 6 6 1 10 8 6 5 9 0 11 15 8 10 10 6 7 0 0 
222 3 13 9 8 13 2 9 13 1 0 3 0 9 6 11 12 10 0 10 2 0 0 9 13 11 7 9 0 6 
264 4 15 11 10 14 5 11 18 2 2 0 0 12 9 14 18 12 0 12 6 1 0 15 0 12 8 0 0 11 
310 6 17 0 12 17 6 15 23 0 4 2 0 14 11 15 20 13 0 15 9 6 1 17 1 14 10 3 0 12 
352 9 19 2 0 18 8 19 27 3 6 6 3 16 15 16 0 14 1 0 0 9 0 20 3 17 13 4 0 16 
363 10 22 5 0 19 9 21 28 6 0 8 4 18 16 18 2 0 3 1 2 11 2 23 5 0 14 8 0 61 
0 0 25 6 1 22 10 22 33 7 2 11 6 22 17 19 3 1 4 2 5 14 3 24 6 4 17 11 0 109 
