0.5   0.5   0.5   0.5   0.0   0.0   
0.48251107178385066   0.40066858761205615   0.48251107178385066   0.40066858761205615   0.2624827149451825   0.3658792163395848   
0.5012180792808162   0.5051464916689852   0.5012180792808162   0.5051464916689852   0.2908221471788804   0.24736166784754085   
0.5446959904789249   0.45736191205506305   0.5446959904789249   0.45736191205506305   0.2746422962476478   0.2525168416598175   
0.5058636402132705   0.4567488718032014   0.5058636402132705   0.4567488718032014   0.2848259436644968   0.2525158628478827   
0.4557325609196746   0.4330005712292426   0.4557325609196746   0.4330005712292426   0.2913831735847376   0.26286903037545944   
0.44103418962713514   0.43234915876175306   0.44103418962713514   0.43234915876175306   0.30319390171235877   0.2797170316499766   
0.43051238737407493   0.429916619396173   0.43051238737407493   0.429916619396173   0.3132283554874832   0.30130940874518136   
0.4295494334274418   0.44574175638722724   0.4295494334274418   0.44574175638722724   0.2925789819160737   0.2912337268464384   
0.4155854200318207   0.4521359566876564   0.4155854200318207   0.4521359566876564   0.30781816529030126   0.32043561270267845   
