40 2 3 3 3 2 3 3 0 1 2 1 0 1 1 3 4 2 0 4 3 4 0 2 0 2 3 2 0 6 
63 3 5 0 4 4 4 4 0 3 3 6 0 5 2 0 8 6 1 0 5 6 3 5 4 4 6 4 0 32 
114 4 6 0 6 0 8 7 3 4 4 7 4 0 3 3 0 9 2 2 7 7 5 6 7 6 10 0 0 35 
164 0 9 2 8 1 10 0 5 7 7 8 0 0 6 4 2 11 5 3 8 9 6 7 10 10 14 2 0 36 
200 1 11 0 12 3 16 2 6 8 0 10 2 7 7 5 5 13 9 4 10 12 10 9 14 12 0 3 0 40 
201 5 12 2 13 0 18 0 10 10 2 11 5 9 9 8 0 17 11 0 15 13 0 11 16 14 2 5 0 88 
0 8 14 3 17 2 20 0 11 15 0 12 0 10 12 9 4 19 14 1 17 16 2 13 18 0 3 6 0 139 
2 9 18 5 18 3 21 0 12 20 4 15 3 11 13 13 0 22 15 2 19 17 5 0 20 2 4 0 1 188 
7 12 0 8 0 5 0 2 13 0 5 18 6 12 15 14 1 25 16 5 21 21 9 2 26 0 7 1 2 230 
0 14 1 9 0 0 1 5 17 1 0 19 11 0 0 15 2 30 0 6 24 22 12 4 29 1 8 2 0 288 
