0.5   0.5   0.5   0.5   0.0   0.0   
0.31676241665922195   0.3581534666856842   0.31676241665922195   0.3581534666856842   0.2945818701820652   0.41424016280913667   
0.48838977466094097   0.37590490081706757   0.48838977466094097   0.37590490081706757   0.3361630782605477   0.36894083801118405   
0.4317951191530092   0.35198171819787033   0.4317951191530092   0.35198171819787033   0.3368627323194323   0.349830679965595   
0.4683323672752167   0.3812384533861083   0.4683323672752167   0.3812384533861083   0.2979066656183077   0.37366389329523547   
0.48745427302229394   0.39358818529210615   0.48745427302229394   0.39358818529210615   0.30056307184428416   0.33970663986475974   
0.4464089856330196   0.41553592918300336   0.4464089856330196   0.41553592918300336   0.30369019625187643   0.3151561235049602   
0.42408756137878895   0.4224135457829948   0.42408756137878895   0.4224135457829948   0.34880298593441433   0.326819209510092   
0.441889381506429   0.40518802123617725   0.441889381506429   0.40518802123617725   0.3476459128999721   0.3131214873379173   
0.4519384319341167   0.42269526205867114   0.4519384319341167   0.42269526205867114   0.3464949646630942   0.29181314782345186   
