0.5   0.5   0.5   0.5   0.0   0.0   
0.1895316285507159   7.129649956544379E-9   0.1895316285507159   7.129649956544379E-9   0.34138920543504647   0.39111177916670103   
0.3500947156356778   0.13722235216542478   0.3500947156356778   0.13722235216542478   0.3406940203337312   0.2727662676058924   
0.3667599788415628   0.2234056839276559   0.3667599788415628   0.2234056839276559   0.31636873938373355   0.24535343769521717   
0.42330795557209083   0.306573072881719   0.42330795557209083   0.306573072881719   0.27078054783258826   0.25070085826956334   
0.4043644210442755   0.3854936910979816   0.4043644210442755   0.3854936910979816   0.26354568477444335   0.2404212355755926   
0.42735595099936136   0.4002597370621593   0.42735595099936136   0.4002597370621593   0.2583651481094479   0.24091524757557994   
0.4137580623790892   0.3669110637857657   0.4137580623790892   0.3669110637857657   0.24371542366001175   0.2633608948756223   
0.39515148693957336   0.33930559479307887   0.39515148693957336   0.33930559479307887   0.2611573699926756   0.2646766651915585   
0.3860922009265604   0.3587321523511461   0.3860922009265604   0.3587321523511461   0.2737601229951684   0.29560854038909984   
