26 2 1 1 4 3 5 0 0 4 0 2 2 2 3 1 2 4 0 1 2 1 2 0 1 4 3 5 1 18 
43 5 3 0 6 5 7 2 4 5 3 5 4 4 4 2 3 5 0 3 6 2 3 0 5 5 4 9 4 48 
78 6 0 1 9 7 11 5 5 7 0 6 0 6 5 6 4 6 2 5 8 4 5 0 6 7 5 11 5 69 
113 8 2 2 10 8 0 9 7 8 0 7 1 10 6 0 7 10 3 8 9 5 9 2 7 10 0 13 7 86 
153 0 3 0 13 9 4 0 8 12 1 8 6 11 7 0 9 0 6 9 11 7 13 3 8 11 0 14 8 104 
171 4 4 1 15 10 6 3 13 14 3 10 7 13 0 4 13 1 8 10 13 12 14 5 9 0 1 0 9 133 
189 6 8 0 16 12 7 5 19 15 7 11 9 15 2 5 14 3 10 11 15 13 16 0 0 0 0 2 11 169 
207 9 10 4 18 13 9 0 21 17 8 12 10 0 4 6 17 0 11 0 17 17 17 1 1 3 3 0 0 208 
223 0 13 7 19 14 12 1 23 0 0 14 12 2 7 8 0 1 15 1 21 18 18 0 4 4 4 2 1 247 
238 3 14 9 20 15 13 3 26 2 1 0 0 0 10 12 1 2 16 5 23 19 0 2 5 0 9 5 2 286 
