34 3 1 1 4 1 2 1 1 2 0 2 3 3 1 2 1 2 1 0 0 3 0 2 2 0 1 2 4 21 
69 5 3 4 5 2 3 3 3 5 2 4 4 5 0 0 0 4 5 6 0 0 1 7 3 1 2 3 5 39 
103 9 4 5 6 4 6 4 5 6 5 7 5 9 2 1 1 5 0 7 0 0 3 9 4 4 4 4 6 60 
140 12 5 7 7 6 7 7 9 9 0 9 6 0 0 2 2 7 2 9 1 1 4 11 6 5 7 5 0 80 
172 15 8 10 10 10 9 8 10 0 0 10 7 0 2 5 4 9 5 10 5 0 5 12 8 7 10 0 1 99 
199 16 9 13 11 14 0 12 12 5 1 12 0 2 4 7 0 10 6 0 0 2 9 14 10 9 13 1 0 124 
215 18 10 15 15 17 3 15 14 6 0 0 3 0 6 10 0 11 7 1 1 4 10 16 13 0 14 5 0 162 
231 20 0 16 17 19 8 16 0 7 2 3 5 4 8 0 3 12 0 3 2 7 11 19 14 0 15 8 0 200 
248 22 4 18 18 21 11 0 3 8 6 6 0 6 9 2 4 16 0 6 3 11 0 20 16 2 20 11 0 227 
266 23 0 20 0 25 12 2 0 9 8 9 0 0 12 8 5 20 2 9 4 12 3 22 20 3 21 15 1 256 
