0.5   0.5   0.5   0.5   0.0   0.0   
0.4712536424178968   0.5291106650025181   0.4712536424178968   0.5291106650025181   0.3136780159460632   0.4191500837900872   
0.37103280106693864   0.46101247739327056   0.37103280106693864   0.46101247739327056   0.3592737560914747   0.38720431868767685   
0.3181723167303855   0.5237545673415216   0.3181723167303855   0.5237545673415216   0.32946658356786274   0.365185248608183   
0.3470519246382935   0.5809801024179878   0.3470519246382935   0.5809801024179878   0.3113535525666125   0.3838643452185346   
0.41067854831704426   0.6034662933299682   0.41067854831704426   0.6034662933299682   0.30228751331480613   0.3864187840647838   
0.43105349071342636   0.5764492330521964   0.43105349071342636   0.5764492330521964   0.27476552258310766   0.35887505191723573   
0.4222013199251266   0.5699730695118598   0.4222013199251266   0.5699730695118598   0.2797912820608954   0.34643372661214517   
0.41147022851186493   0.5926705988643302   0.41147022851186493   0.5926705988643302   0.24613774484588669   0.3475034791261776   
0.4125121455096095   0.6195828657707338   0.4125121455096095   0.6195828657707338   0.24173549168424374   0.41621189952125254   
