0.5   0.5   0.5   0.5   0.0   0.0   
0.11224844428321365   0.3153175392380281   0.11224844428321365   0.3153175392380281   0.2859875428413492   0.41410605382570104   
0.5011775675193195   0.32462615467041245   0.5011775675193195   0.32462615467041245   0.3229110595604678   0.3423274378900849   
0.4947526248580853   0.4254533777558516   0.4947526248580853   0.4254533777558516   0.3054545967750532   0.28666982182846495   
0.4465058630431787   0.43838389228185165   0.4465058630431787   0.43838389228185165   0.3212969722746556   0.31725323979969117   
0.4198321669799039   0.426261703368558   0.4198321669799039   0.426261703368558   0.3352609701956081   0.3262836117970928   
0.41749279507668924   0.49842365061074106   0.41749279507668924   0.49842365061074106   0.3625759622455483   0.3205827952121399   
0.4211676211534993   0.5093213923012866   0.4211676211534993   0.5093213923012866   0.32579506021796445   0.3075633371832539   
0.4030256293021622   0.5508983236410135   0.4030256293021622   0.5508983236410135   0.2997989793749132   0.3109444962734427   
0.40010013489767804   0.5799336873451818   0.40010013489767804   0.5799336873451818   0.30730367782955   0.32931757306738135   
