0.5   0.5   0.5   0.5   0.0   0.0   
0.39011758522808054   0.37744003937085946   0.39011758522808054   0.37744003937085946   0.30365800839442364   0.4249296383533866   
0.42799033267256975   0.3508037995662331   0.42799033267256975   0.3508037995662331   0.2515054376769871   0.24783058273601755   
0.35190112097159965   0.35542999544307013   0.35190112097159965   0.35542999544307013   0.2870620361249092   0.23534984074729215   
0.35969306677840907   0.3442365037856526   0.35969306677840907   0.3442365037856526   0.2987375187261959   0.25856121387280084   
0.4175796895999847   0.4259233859933529   0.4175796895999847   0.4259233859933529   0.2870882457578814   0.23447815117974774   
0.40882164054317716   0.46563875726732623   0.40882164054317716   0.46563875726732623   0.29023627850726763   0.25769306107742523   
0.39569871041219135   0.51601341627714   0.39569871041219135   0.51601341627714   0.2806370695641761   0.24310477958889254   
0.3943754993675904   0.5573991960741443   0.3943754993675904   0.5573991960741443   0.30945185644412226   0.264087029908415   
0.41375282315575096   0.5726969241613751   0.41375282315575096   0.5726969241613751   0.32341070530340754   0.2715945249055506   
