0.5   0.5   0.5   0.5   0.0   0.0   
0.4191401552430412   0.48569117726888034   0.4191401552430412   0.48569117726888034   0.35831526688135334   0.5487262009764795   
0.47313089856478874   0.36210626329196793   0.47313089856478874   0.36210626329196793   0.3005347726969125   0.37340352227676665   
0.45047159474120596   0.41028179085997873   0.45047159474120596   0.41028179085997873   0.3187530731862491   0.2602894965277777   
0.44739183517490805   0.3867406784180275   0.44739183517490805   0.3867406784180275   0.31331416968898573   0.30367232166613456   
0.4656017773455004   0.38854859821087523   0.4656017773455004   0.38854859821087523   0.3208973537245514   0.292352063211739   
0.4871581617374919   0.4278628815776388   0.4871581617374919   0.4278628815776388   0.32950474433996607   0.2729756304211899   
0.5049540438281735   0.4780951258170924   0.5049540438281735   0.4780951258170924   0.3237333400099925   0.2601504499920179   
0.49321721047933165   0.47249044643390603   0.49321721047933165   0.47249044643390603   0.28791578414052305   0.23575558631997642   
0.468906281576977   0.4688573079262671   0.468906281576977   0.4688573079262671   0.31427848335597824   0.2639175774598232   
