38 3 2 0 1 2 0 2 2 0 2 2 2 0 2 2 3 3 2 1 1 0 1 4 1 2 1 0 1 20 
55 4 0 1 4 4 0 0 3 2 7 0 4 1 5 3 6 5 6 0 3 0 0 5 3 0 2 1 5 61 
87 7 1 2 7 7 3 3 5 0 8 1 5 0 6 6 10 6 9 2 4 2 4 0 4 0 4 3 0 81 
117 0 3 4 0 9 5 6 8 1 10 3 6 4 7 9 0 10 11 6 5 5 9 1 5 2 5 5 0 97 
151 0 5 8 2 13 8 0 11 4 11 5 9 0 8 10 3 0 13 7 7 7 10 4 7 0 6 6 6 110 
187 0 0 9 3 0 14 1 14 5 12 0 12 1 9 12 6 4 14 11 10 10 11 8 10 1 8 9 0 121 
221 1 0 13 5 1 15 2 17 7 13 2 14 2 10 14 11 7 19 14 14 13 12 9 11 2 0 12 1 132 
250 3 3 0 0 2 17 5 19 11 0 3 15 6 15 17 13 8 0 19 15 14 0 0 14 3 4 15 2 150 
288 5 6 3 1 3 0 6 22 0 4 0 17 10 0 18 14 9 1 22 0 16 1 2 15 4 6 18 3 168 
308 7 11 7 2 0 3 8 23 3 9 0 18 12 2 0 16 10 2 23 1 17 0 3 18 6 7 20 6 198 
