29 1 2 3 2 2 2 2 1 0 0 2 6 1 2 2 3 2 2 2 1 1 2 2 3 2 4 0 1 18 
55 2 4 7 0 5 5 4 3 3 1 4 9 5 6 3 4 4 5 5 5 2 3 4 5 3 6 2 3 31 
96 4 8 8 0 6 8 6 7 4 0 5 10 0 8 5 5 6 6 0 6 4 6 0 7 5 7 4 0 49 
126 0 10 9 2 7 10 10 12 0 0 7 11 0 10 8 0 9 9 1 10 0 8 1 0 6 9 7 2 72 
157 2 15 12 3 8 14 12 0 4 2 9 13 2 11 10 1 13 11 3 11 0 11 3 0 7 10 9 3 88 
186 6 16 17 0 11 17 17 1 8 3 13 16 3 12 0 2 0 0 6 13 1 0 4 0 8 11 10 5 110 
214 7 17 19 1 13 0 20 0 9 8 0 17 6 15 0 0 3 1 8 18 3 4 5 1 12 14 0 8 130 
242 8 19 20 0 0 1 22 4 11 10 1 21 10 17 3 1 4 6 9 19 7 6 7 4 14 15 3 11 144 
270 10 0 22 2 4 5 25 7 12 13 3 22 12 19 5 3 6 7 13 20 9 0 9 8 15 0 5 0 162 
301 12 1 0 6 6 6 27 0 14 16 5 23 13 25 6 4 0 9 18 21 11 2 12 0 16 2 7 1 181 
