0.5   0.5   0.5   0.5   0.0   0.0   
0.3034449038219907   0.14082357220027603   0.3034449038219907   0.14082357220027603   0.28829655017694933   0.3390009216295504   
0.37106803874629446   0.3430304690677258   0.37106803874629446   0.3430304690677258   0.27818708278711435   0.23632933065959447   
0.38306590668668616   0.3304502812434341   0.38306590668668616   0.3304502812434341   0.30455922354366816   0.25776943129816765   
0.39427951629848196   0.34440218327429206   0.39427951629848196   0.34440218327429206   0.28284003650598943   0.2508354939286558   
0.3707507577680093   0.3583604516031474   0.3707507577680093   0.3583604516031474   0.26813215825643816   0.2590492635697119   
0.34037818410098636   0.3407705816624655   0.34037818410098636   0.3407705816624655   0.26570124670701434   0.2667279470854682   
0.34011721669244044   0.3795857152487383   0.34011721669244044   0.3795857152487383   0.2538123387893139   0.26714317811056704   
0.34552412444156705   0.4851184769080246   0.34552412444156705   0.4851184769080246   0.2994546094760259   0.2621651501819043   
0.35107438118635914   0.5413054211845978   0.35107438118635914   0.5413054211845978   0.32554409254932076   0.276934097751715   
