30 0 1 2 1 0 1 2 4 3 2 3 2 4 2 0 5 5 1 2 0 1 3 1 1 2 1 0 0 21 
67 2 0 3 2 4 0 4 0 6 0 4 3 7 3 2 8 8 2 5 2 5 4 3 2 3 3 1 2 37 
101 3 2 4 6 6 1 0 1 11 5 0 4 9 0 6 9 0 3 7 3 0 6 6 4 0 4 0 4 59 
135 7 4 5 8 0 5 2 0 14 7 0 5 10 3 8 10 2 5 10 4 2 8 7 5 4 6 2 5 74 
151 0 5 0 11 3 6 6 2 16 8 2 11 15 5 0 11 3 6 12 6 4 9 9 8 6 8 5 7 102 
169 0 6 0 13 6 7 0 3 18 10 3 13 16 8 0 12 4 7 0 9 7 10 11 11 10 10 8 0 141 
185 1 8 1 0 7 9 2 5 22 14 6 16 17 10 1 16 6 0 4 14 9 0 0 12 0 12 11 3 170 
208 3 0 3 2 9 10 0 8 25 17 7 0 20 0 5 20 7 4 5 16 10 0 3 15 0 14 13 6 195 
229 6 1 5 3 11 14 2 10 26 19 8 3 22 2 0 0 10 7 9 0 13 2 4 17 0 16 0 9 223 
249 7 2 8 6 12 20 4 11 27 22 10 7 0 4 3 0 15 8 11 2 16 0 0 20 2 18 0 0 250 
