40 2 4 3 3 1 3 0 1 3 1 1 0 2 2 1 2 5 1 0 5 0 2 3 1 2 1 2 0 9 
54 4 5 5 7 2 0 3 2 6 3 2 1 5 4 5 6 6 3 2 7 0 3 0 2 4 4 5 1 43 
55 7 0 8 9 0 0 4 3 0 4 3 8 8 7 8 0 11 4 3 9 0 5 3 4 5 8 8 0 90 
0 10 2 11 10 1 1 6 6 2 0 6 10 0 9 10 5 14 6 5 13 4 7 5 5 8 9 9 0 133 
6 12 3 12 11 2 2 7 0 3 3 8 13 1 10 13 7 17 7 7 15 6 8 7 6 11 10 10 0 184 
9 13 8 13 12 3 0 9 0 6 7 10 17 2 12 15 11 20 12 8 0 10 9 9 9 12 13 11 1 223 
0 15 10 17 14 4 1 12 1 7 0 13 19 3 15 16 12 22 14 9 3 11 12 11 12 0 0 13 0 276 
4 16 12 0 17 5 2 13 3 10 0 14 0 6 19 18 14 25 16 11 4 12 15 13 15 1 2 0 0 326 
7 0 14 1 20 7 5 18 8 12 1 15 1 0 21 19 17 27 17 14 8 14 16 14 16 2 7 1 0 369 
0 1 0 4 21 9 7 21 10 15 3 17 4 1 23 0 19 31 0 16 10 15 17 16 17 6 10 4 0 417 
