0.5   0.5   0.5   0.5   0.0   0.0   
0.6161461759221243   0.5042248637860046   0.6161461759221243   0.5042248637860046   0.2983497417499773   0.37947711830613345   
0.5143045006306494   0.42710999316644294   0.5143045006306494   0.42710999316644294   0.32244009446908206   0.2662690363697012   
0.4353452084894452   0.4630181810302144   0.4353452084894452   0.4630181810302144   0.298180632001733   0.26307946510629965   
0.4411771204945107   0.46258790078159584   0.4411771204945107   0.46258790078159584   0.3047351912983921   0.2716414260453762   
0.4853252637099894   0.5145391698782293   0.4853252637099894   0.5145391698782293   0.31334755794139596   0.2936935466654995   
0.5037974668836537   0.47508111945759807   0.5037974668836537   0.47508111945759807   0.30502695988438905   0.32397017486065766   
0.47705444275718184   0.47696104316474497   0.47705444275718184   0.47696104316474497   0.30262990067756423   0.31347831781433244   
0.4860439057722007   0.4474405042245409   0.4860439057722007   0.4474405042245409   0.3252746292501494   0.34040292113112874   
0.4830803188371876   0.44942990247468567   0.4830803188371876   0.44942990247468567   0.349447060275217   0.33820572767793927   
