0.5   0.5   0.5   0.5   0.0   0.0   
0.5149308572147038   0.3702425747589564   0.5149308572147038   0.3702425747589564   0.3093648684282166   0.3662828542907846   
0.6362516574202844   0.5247877321967789   0.6362516574202844   0.5247877321967789   0.2597470702896376   0.19180819713366704   
0.5716236482115042   0.5217310698566141   0.5716236482115042   0.5217310698566141   0.28576084441670757   0.21094605621751789   
0.44398255373575707   0.45324595456858535   0.44398255373575707   0.45324595456858535   0.283694754412997   0.22065919219007488   
0.48772445533493913   0.4669541181115074   0.48772445533493913   0.4669541181115074   0.26512881814216   0.22099775729391113   
0.5563316008913505   0.517700412524794   0.5563316008913505   0.517700412524794   0.2755737365395267   0.22240132621371494   
0.506681600089404   0.4770510859445537   0.506681600089404   0.4770510859445537   0.2677196863693176   0.2427840327512993   
0.46711806482847495   0.4324849404006864   0.46711806482847495   0.4324849404006864   0.23079368227457056   0.23788709258936516   
0.577254341891318   0.5386454130135904   0.577254341891318   0.5386454130135904   0.231376050614138   0.25232910407952025   
