0.5   0.5   0.5   0.5   0.0   0.0   
0.5182046700486487   0.42675555449831254   0.5182046700486487   0.42675555449831254   0.28612935727756006   0.32415980449903325   
0.48006048181301875   0.42440279208229614   0.48006048181301875   0.42440279208229614   0.30184358334066963   0.25004523111840593   
0.4418894740092924   0.47040982300118184   0.4418894740092924   0.47040982300118184   0.3188163685075555   0.2907964916087962   
0.4356944169478417   0.5003266256050011   0.4356944169478417   0.5003266256050011   0.3196614947881221   0.265729308809378   
0.4534034722117533   0.5093443705547521   0.4534034722117533   0.5093443705547521   0.2709533401259128   0.28148891369720724   
0.45496675678633763   0.5158299318676881   0.45496675678633763   0.5158299318676881   0.2785077265878609   0.2798369501621922   
0.4747261384186834   0.5159316622465412   0.4747261384186834   0.5159316622465412   0.26924195835834447   0.2944938868102118   
0.4684286961359313   0.536055452130384   0.4684286961359313   0.536055452130384   0.27457850927328764   0.30346230574901106   
0.4791501465871483   0.5347432155821837   0.4791501465871483   0.5347432155821837   0.260834506813697   0.2971069596243304   
