0.5   0.5   0.5   0.5   0.0   0.0   
0.3263280099552534   0.14896747799323645   0.3263280099552534   0.14896747799323645   0.29911776029417864   0.3995697239530414   
0.32893614686303874   0.1986068953450166   0.32893614686303874   0.1986068953450166   0.2949964671072168   0.222561299018628   
0.36773345631980475   0.18835873260924563   0.36773345631980475   0.18835873260924563   0.3085034006533779   0.19327837591725097   
0.3489124837425299   0.09103427552547452   0.3489124837425299   0.09103427552547452   0.2900124348678573   0.21563923772214336   
0.37557172461719496   0.15002134455126764   0.37557172461719496   0.15002134455126764   0.2728602724157045   0.20013993230902025   
0.40942053592433253   0.16761694555687917   0.40942053592433253   0.16761694555687917   0.27251138689101256   0.20802829144590215   
0.36396616886469113   0.16998817910530797   0.36396616886469113   0.16998817910530797   0.27179973839640503   0.20440046195948672   
0.3185268945913456   0.28802128962196716   0.3185268945913456   0.28802128962196716   0.2772206267608942   0.2064757080093934   
0.400912697192881   0.3617959944299459   0.400912697192881   0.3617959944299459   0.2610553075914514   0.21797052219805788   
