0.5   0.5   0.5   0.5   0.0   0.0   
0.513278024720702   0.264837742383276   0.513278024720702   0.264837742383276   0.2973505975136688   0.3846021078059003   
0.6385538087286223   0.37019850263969956   0.6385538087286223   0.37019850263969956   0.2745785912596733   0.1954090268583072   
0.5972486997205575   0.36936557025787264   0.5972486997205575   0.36936557025787264   0.284719577449562   0.21897410559699262   
0.43237945692579566   0.24623223715764092   0.43237945692579566   0.24623223715764092   0.29322231220586925   0.22599224737811552   
0.47741559443981335   0.24726141284993516   0.47741559443981335   0.24726141284993516   0.26329811047544677   0.21692892354246854   
0.5216343760505442   0.2746573570774779   0.5216343760505442   0.2746573570774779   0.26155006560845595   0.22035867677431945   
0.4438607387122803   0.20280811394188816   0.4438607387122803   0.20280811394188816   0.2554819300640285   0.22171795898292057   
0.40424735805482725   0.3467621504802514   0.40424735805482725   0.3467621504802514   0.21542024674923294   0.2275310679232509   
0.5073320038032244   0.427511105587717   0.5073320038032244   0.427511105587717   0.23957593036906633   0.21302151959828286   
