33 3 3 2 0 3 2 1 0 2 1 4 3 2 3 1 2 1 3 3 0 2 2 1 2 1 1 2 1 16 
75 6 6 3 0 4 4 0 1 4 4 6 6 5 4 4 0 4 5 4 1 3 6 3 3 4 2 3 2 25 
109 7 0 6 0 5 6 1 0 6 8 0 8 7 5 6 3 8 6 6 2 7 10 5 4 6 0 4 5 42 
133 8 1 9 0 6 0 5 4 0 9 1 0 11 0 9 5 10 10 8 5 9 0 6 0 7 1 8 7 71 
149 9 5 10 2 10 0 0 0 2 0 3 1 12 3 13 8 12 14 11 6 13 3 9 1 11 0 9 8 100 
170 17 6 14 3 11 1 1 2 3 1 6 2 13 0 16 11 0 0 12 7 14 6 12 2 12 0 12 9 132 
187 22 0 15 5 13 3 2 4 5 2 0 4 14 2 19 13 1 1 13 8 15 10 13 3 15 1 13 10 170 
203 27 1 18 0 16 4 0 6 7 3 1 6 17 6 22 14 3 0 14 13 17 14 15 0 0 0 15 11 203 
221 32 0 20 4 0 6 2 8 0 4 3 9 20 9 25 17 5 3 0 16 18 16 16 0 1 2 17 0 233 
246 33 1 21 6 4 7 3 11 3 6 5 11 21 0 27 20 0 6 0 17 23 17 18 3 0 0 0 3 261 
