0.5   0.5   0.5   0.5   0.0   0.0   
0.4084537209312408   0.4405163715561097   0.4084537209312408   0.4405163715561097   0.20105564853110086   0.39111915289296734   
0.5284270395972733   0.7039532591105936   0.5284270395972733   0.7039532591105936   0.26599058753910615   0.36378594882010595   
0.53641896237896   0.885317794225887   0.53641896237896   0.885317794225887   0.2956332454495375   0.2990740453290897   
0.5724316394764494   0.7623285761400084   0.5724316394764494   0.7623285761400084   0.25270264771670625   0.3305487043748568   
0.7403493507143402   0.9137857726263657   0.7403493507143402   0.9137857726263657   0.22974513309254974   0.33333321379433506   
0.8279769084665678   1.0524932803078564   0.8279769084665678   1.0524932803078564   0.27215108885888006   0.35037222479386654   
0.6926783679606313   0.9660969939032681   0.6926783679606313   0.9660969939032681   0.2711607953788284   0.35675487559625696   
0.5800856308174709   0.8713604183487765   0.5800856308174709   0.8713604183487765   0.24195039705026064   0.3566422577006904   
0.7250073265134349   1.0991603953007254   0.7250073265134349   1.0991603953007254   0.235803940327516   0.3465551975343151   
