0.5   0.5   0.5   0.5   0.0   0.0   
0.6084345096132793   0.2948343181921958   0.6084345096132793   0.2948343181921958   0.23335761560923374   0.25977895514048543   
0.5516689746723732   0.2933657364625239   0.5516689746723732   0.2933657364625239   0.2895458673561085   0.27705616419220946   
0.5261766408204066   0.3701756989044109   0.5261766408204066   0.3701756989044109   0.29638004334886126   0.24021461925287363   
0.5275165189143215   0.321410193738043   0.5275165189143215   0.321410193738043   0.2917526140513574   0.2634427482439336   
0.5252328802993504   0.3682121559086836   0.5252328802993504   0.3682121559086836   0.28412719655797114   0.28896862029054915   
0.47512293295347635   0.37023127356248664   0.47512293295347635   0.37023127356248664   0.24796323182654706   0.26000334251277146   
0.4818025136105886   0.3732146096396948   0.4818025136105886   0.3732146096396948   0.2559879782393028   0.24049251676245223   
0.4624700228292839   0.3719140067514136   0.4624700228292839   0.3719140067514136   0.2536090567129628   0.24447311023307802   
0.4529019888027601   0.3931710227633907   0.4529019888027601   0.3931710227633907   0.27984564732142864   0.2747098200031927   
