23 2 1 2 2 4 1 0 0 1 2 2 2 5 2 3 3 6 3 1 4 2 1 2 2 0 2 2 1 19 
56 5 4 3 3 5 0 5 0 2 4 5 4 9 3 6 0 9 5 3 0 3 3 4 3 1 4 6 0 36 
91 7 5 5 4 0 1 0 3 4 6 8 0 0 5 7 0 11 6 6 4 5 0 6 6 2 5 9 1 58 
111 8 10 6 6 3 3 2 0 9 9 9 2 0 9 9 2 15 10 7 6 7 2 9 8 5 7 0 3 76 
143 11 11 7 7 5 5 5 6 11 11 10 3 2 11 10 3 16 13 12 9 8 4 10 0 7 11 0 5 89 
179 12 0 10 9 8 0 0 9 13 14 15 4 3 13 12 5 18 0 15 11 0 6 12 1 10 12 1 0 106 
195 13 1 14 10 11 0 0 0 14 16 16 5 4 14 13 6 19 0 16 15 4 8 14 3 12 0 5 3 146 
230 15 2 16 13 13 3 1 4 0 0 18 7 5 20 14 8 0 1 17 16 0 10 17 4 15 2 8 4 161 
265 0 3 17 14 14 6 2 5 1 1 20 9 6 21 0 9 1 2 0 19 2 13 19 5 17 7 9 6 185 
302 1 5 0 16 17 9 4 6 3 2 22 10 8 25 0 10 3 3 1 22 5 0 20 8 18 10 10 8 200 
