49 0 2 4 1 2 2 0 2 2 4 1 0 2 1 2 2 0 1 1 3 1 1 0 4 3 1 3 0 6 
57 0 4 5 2 3 5 1 3 3 0 0 2 3 2 4 5 0 0 8 0 5 4 4 5 5 0 5 2 53 
0 6 5 6 4 7 7 2 0 6 0 1 5 5 3 0 10 1 3 0 1 6 10 9 7 6 3 7 0 96 
0 8 6 8 5 9 12 6 1 7 1 0 10 7 0 2 12 0 4 1 2 0 11 0 8 9 5 9 0 153 
1 10 0 11 6 12 13 9 5 0 0 3 14 8 1 5 14 3 7 4 5 4 13 1 11 11 6 10 3 192 
3 13 0 13 8 15 0 0 9 0 4 4 17 10 3 7 17 4 10 5 7 6 14 3 14 14 8 0 4 238 
0 15 4 18 0 17 4 0 10 3 8 6 19 12 6 9 0 5 13 7 9 7 15 0 16 16 12 2 0 282 
1 0 8 20 2 20 5 3 0 0 11 0 20 15 8 10 2 6 0 8 10 10 17 1 22 0 13 3 0 337 
4 4 9 26 7 22 9 5 1 4 12 2 24 17 10 12 0 7 0 0 11 11 0 3 24 2 15 5 1 378 
0 6 12 29 9 26 10 8 4 7 14 3 27 18 12 14 3 9 1 0 13 15 2 4 26 4 16 6 0 422 
