0.5   0.5   0.5   0.5   0.0   0.0   
0.26827296843270737   0.3211310029956   0.26827296843270737   0.3211310029956   0.3138243411680911   0.467313664596273   
0.35925094091488025   0.6748385310709342   0.35925094091488025   0.6748385310709342   0.3347816824379329   0.35280150103519636   
0.3603075461452568   0.8578722346233175   0.3603075461452568   0.8578722346233175   0.34501965048840055   0.3624482401656312   
0.506082591955216   0.7063590572506095   0.506082591955216   0.7063590572506095   0.2792989417989419   0.3540437370600415   
0.7039847179404077   0.8285973672877989   0.7039847179404077   0.8285973672877989   0.2686177248677245   0.3377458592132506   
0.7824758687082194   0.953066424297038   0.7824758687082194   0.953066424297038   0.28176256613756623   0.3576604554865427   
0.6606606950749754   0.871407663021316   0.6606606950749754   0.871407663021316   0.24526555413832177   0.34512163561076653   
0.5461015263159233   0.7879232717456927   0.5461015263159233   0.7879232717456927   0.2208906131897204   0.33882634575569337   
0.6823882464304311   0.9885648401177191   0.6823882464304311   0.9885648401177191   0.24015022675736958   0.3614906832298136   
