0.5   0.5   0.5   0.5   0.0   0.0   
0.5263552762493244   0.5295493227886108   0.5263552762493244   0.5295493227886108   0.26600394414137074   0.42180171625524443   
0.48945500826252775   0.5423154763974681   0.48945500826252775   0.5423154763974681   0.2537914627470108   0.28076405406966537   
0.5855267333233063   0.49573915640954097   0.5855267333233063   0.49573915640954097   0.2869157190666484   0.3114372863729366   
0.5474232073742019   0.4781429487969772   0.5474232073742019   0.4781429487969772   0.2843724604639785   0.30165284505255935   
0.5418987810095068   0.4427883615637925   0.5418987810095068   0.4427883615637925   0.3172997023796434   0.2909927716645861   
0.4874311025278042   0.4524215021295463   0.4874311025278042   0.4524215021295463   0.2997159371384373   0.32973928144657555   
0.458257347507375   0.4606101191906528   0.458257347507375   0.4606101191906528   0.31571235437102696   0.33660524466081687   
0.4527597807673796   0.48863267985167624   0.4527597807673796   0.48863267985167624   0.3231998021059256   0.3211236242201736   
0.4521170756754611   0.5139508799887886   0.4521170756754611   0.5139508799887886   0.3270978168754697   0.3245002280780428   
