0.5   0.5   0.5   0.5   0.0   0.0   
0.2483924640188218   0.3138060195912704   0.2483924640188218   0.3138060195912704   0.3761265018538203   0.47871901554659857   
0.32891884390395515   0.43488256021418087   0.32891884390395515   0.43488256021418087   0.27619983085254707   0.3287850437043411   
0.328211810191733   0.5335811986507726   0.328211810191733   0.5335811986507726   0.23442319918968352   0.3884818235264732   
0.34333652352541894   0.5894036648104335   0.34333652352541894   0.5894036648104335   0.20465400777926304   0.329886181060354   
0.3817822631183353   0.6266918155596243   0.3817822631183353   0.6266918155596243   0.1895025339352159   0.3708445984473747   
0.4227041122737797   0.6498034568535056   0.4227041122737797   0.6498034568535056   0.20536018286278215   0.3952281857858141   
0.44682344986810435   0.6514339349887649   0.44682344986810435   0.6514339349887649   0.1773681603653972   0.3885731482928975   
0.44081123798687466   0.6503596929416106   0.44081123798687466   0.6503596929416106   0.18346558507465713   0.3965029158162334   
0.42908761763473524   0.6237403943641608   0.42908761763473524   0.6237403943641608   0.18922603298284504   0.4024267918594648   
