0.5   0.5   0.5   0.5   0.0   0.0   
0.4328078234880771   0.38555454390555227   0.4328078234880771   0.38555454390555227   0.3483748475178206   0.4506726348386435   
0.4071001433375509   0.4122281841294803   0.4071001433375509   0.4122281841294803   0.27608986882288317   0.2758954208059667   
0.38649721768959333   0.5045505582576739   0.38649721768959333   0.5045505582576739   0.2864280076194996   0.280853444086183   
0.40277803953613556   0.5635901956746705   0.40277803953613556   0.5635901956746705   0.26888218405997744   0.28147810310545684   
0.3921481531403854   0.5796862322602228   0.3921481531403854   0.5796862322602228   0.30696849285342376   0.3003485750488767   
0.39951487213829223   0.5959077324305586   0.39951487213829223   0.5959077324305586   0.28610212414993247   0.30979186067626596   
0.40488369070578084   0.6111717672481196   0.40488369070578084   0.6111717672481196   0.30517360388314524   0.33237792363733837   
0.41301072206614925   0.6218898643243214   0.41301072206614925   0.6218898643243214   0.2686790634434681   0.324624724741245   
0.41777061294754037   0.6301269070796114   0.41777061294754037   0.6301269070796114   0.24754730001628908   0.3286057886875679   
