0.5   0.5   0.5   0.5   0.0   0.0   
0.4518097137157556   1.0543928064611435E-8   0.4518097137157556   1.0543928064611435E-8   0.3266557822612084   0.38518980723968693   
0.5591446018400668   2.1250046416604102E-8   0.5591446018400668   2.1250046416604102E-8   0.28833290944911927   0.23612932137653983   
0.4746449414016501   2.626868851941179E-8   0.4746449414016501   2.626868851941179E-8   0.2630944615921698   0.19319433873701425   
0.3684270625337298   0.17517297990383812   0.3684270625337298   0.17517297990383812   0.27689139340755553   0.2034833936759857   
0.4096656485896227   0.17677755540670903   0.4096656485896227   0.17677755540670903   0.2690029943683199   0.19095940339790704   
0.4429851868178389   0.19743637716721618   0.4429851868178389   0.19743637716721618   0.29771312880639184   0.19582564622309204   
0.40771315601185504   0.35779073094616026   0.40771315601185504   0.35779073094616026   0.2776579586506744   0.1883004130670475   
0.3610499292991819   0.42922219898274555   0.3610499292991819   0.42922219898274555   0.2976001738555109   0.20585158556924912   
0.4509874656739027   0.6535135250920812   0.4509874656739027   0.6535135250920812   0.30524912258130976   0.22268992344427072   
