145.0  0.49174497672388395   0.4570273080910987  -0.2974149697403305  -0.8024884811700318
84.0  0.4567096456556394   0.490474572922373  -0.0788275391805012  -0.32281764972582333
110.0  0.4677913864872293   0.45045766905266743  -0.15352206215727943  -0.7460566186471838
-27.0  0.4576519528379263   0.3897076382287978  -0.15352206215727943  -0.4547798966811011
66.0  0.4731382690463419   0.45768557071985394  -0.20312219701762615  -0.4874222405315989
48.0  0.46345213946434705   0.44173151657382803  -0.25014894476702  -0.6331928936014876
-26.0  0.4542348312102422   0.44919173580995025  -0.15352206215727943  -0.32281764972582333
-3.0  0.45650036197003524   0.4238082490442203  -0.2160613626333687  -0.40746544351009545
38.0  0.46403726222681385   0.4162025758961853  -0.1964637861397934  -0.40746544351009545
101.0  0.4734210609327018   0.45368279330379424  -0.15048292570666527  -0.3228176497258233
73.0  0.46016715453197415   0.4567453119895374  -0.14582786644812354  -0.5767610310786395
117.0  0.4757738448539205   0.4463995727871791  -0.138101559237192  -0.8024884811700318
116.0  0.45556929607475827   0.46254786777804185  -0.15352206215727943  -0.5485450998172154
27.0  0.4532369131862122   0.4429246049084298  -0.15352206215727943  -0.2946017184643993
20.0  0.4550668920668049   0.42158533447921753  -0.2160613626333687  -0.40746544351009545
