0.0  0.4378072775622418   0.513867885742406  -0.06579516949597687  -0.13252408596055013
0.0  0.4021199609745986   0.6302793961974213  -0.14572683914539808  -0.19831925545652787
0.0  0.401206447851974   0.7050748756466606  -0.15508595104498393  -0.17258361199905345
0.0  0.43272160348015165   0.5882447784615686  -0.1763558946491076  0.06369785381921772
0.0  0.46393947752780956   0.5230555906854493  -0.06468828411999036  0.5949484879925603
0.0  0.4999829048426998   0.5005180737762407  -0.0135106820248058  1.2134324616277061
0.0  0.5432727099578439   0.5167673523607794  0.05988747397347311  2.009544299511305
0.0  0.5793166331246165   0.5187379811696242  0.11106507606865774  2.7750640447741275
0.0  0.6179581065714894   0.5404799396825571  0.3637790405469393  3.533795106705586
0.0  0.654242186961578   0.5632263198015696  0.5274119283384101  4.2683190611472295
0.0  0.6956776739556868   0.5838852815252777  0.576522833645264  5.002222318814374
0.0  0.7296237228100914   0.6014133542423232  0.6277004357404478  5.7681372289310575
0.0  0.7686539190570786   0.6234525221106698  0.6788780378356316  6.511942144293376
0.0  0.8077063673323239   0.6432123821800361  0.7300556399308155  7.239685238579262
0.0  0.8416164593860461   0.6605226944061859  0.70878569632669  7.967333561071093
0.0  0.43705361812346005   0.519127803221595  -0.06579516949597687  -0.10583251937472071
0.0  0.4186958731230987   0.6084315308280258  0.048367722954140546  -0.11487858483955794
0.0  0.43286689507035336   0.6743901577857121  0.2061224188299194  -0.05253061620070271
0.0  0.46728332062316214   0.6116473006263502  0.31752668191427147  0.2976866503914066
0.0  0.5048711481158065   0.54942641435832  0.4289309449986236  0.7375988953838808
0.0  0.5447940697549414   0.5520128585933136  0.4844086150832231  1.1236311311580278
0.0  0.5793403364986422   0.5482528137195721  0.46313867147909765  1.6599743799245141
0.0  0.622321140368656   0.549275129634904  0.4240736343905299  2.2427830673664086
0.0  0.671467410023132   0.5557482353278781  0.3519043841301809  2.9913350475955727
0.0  0.7121888884011727   0.5721467589286205  0.2797351338698318  3.7648004464557947
0.0  0.7516225725313143   0.5934907312929404  0.20756588360948272  4.542749263828098
0.0  0.7917034426460341   0.6137546145685658  0.13539663334913365  5.330932247094003
0.0  0.8318582174406227   0.6299353006232052  0.06322738308878456  6.115296553136278
0.0  0.8740451088320043   0.646920821896183  0.056213600800491384  6.917613389538015
0.0  0.9164299889635773   0.6657767577595781  0.03249674094547398  7.684702907209641
0.0  0.45309099316745366   0.5155516374931217  -0.07914095278889148  -0.2392903523038672
0.0  0.44005295765111835   0.5960541271549467  -0.14493612228486874  -0.30508552179984494
0.0  0.44596807640414443   0.5793017943679842  -0.11656928006747663  -0.27785085051028113
0.0  0.48148146312806783   0.5068496958379604  -0.18711761244270653  -0.10612382144041455
0.0  0.5172394889649782   0.4777316355958091  -0.2529127819386843  0.4496295566049852
0.0  0.5596381601201456   0.46325065054069525  -0.19056481329982966  1.1811607803797948
0.0  0.5985954989220377   0.4821142237758712  -0.2563599827958074  1.830735167715855
0.0  0.6393283310105776   0.49894705120737226  -0.2034582995945705  2.491142692557769
0.0  0.6765101309470055   0.5140725270782974  -0.15314531322998345  3.177098925828709
0.0  0.7254319217952203   0.5225317848879717  -0.13964521382198145  3.867604707950593
0.0  0.7635542158270563   0.5410393354464403  -0.1508439891703278  4.640905959657225
0.0  0.8028050073047068   0.5572609408865891  -0.1373438897623258  5.367895351023564
0.0  0.841968899777544   0.5774854739038497  -0.22287588065453895  6.156958707395071
0.0  0.8762296830513581   0.5978266084729761  -0.20937578124653697  6.922591529306786
0.0  0.9155606561044684   0.6160250701260273  -0.195875681838535  7.663959493418848
0.0  0.4458501850502484   0.49682307053889874  0.04464946529434333  -0.14586986925346482
0.0  0.4485181668242364   0.5428794329826298  0.08744875249458953  -0.08352190061460953
0.0  0.4821645411521273   0.46734728317255114  0.07947619641590116  -0.0323442985194249
0.0  0.517133994457511   0.44088784063028086  0.13919943137579227  0.20126564936125402
0.0  0.5529360601319776   0.4335542596955863  0.25064627011483187  0.6204674854513099
0.0  0.599128677029993   0.45682241424616427  0.23300288674491948  1.0150754003088023
0.0  0.6325320845526544   0.46467639634421987  0.295350855383773  1.5075698510789215
0.0  0.6699713692018473   0.4729891917135148  0.348940481066352  2.116155216059808
0.0  0.7155009692633725   0.48863258084992456  0.3542653125130995  2.728981134543361
0.0  0.7581178074368193   0.5035520650540647  0.40544291460828336  3.506829275485699
0.0  0.8007750793378055   0.5186140315368764  0.3841729710041615  4.314582100442402
0.0  0.8428293149757038   0.540768007339743  0.38253664688917255  5.152595834632034
0.0  0.8826217815745518   0.557961766796553  0.36126670328505067  5.995031373350266
0.0  0.9237262663429127   0.5759843287910474  0.3399967596809288  6.860246765261443
0.0  0.964808439485421   0.5951068709408144  0.3187268160768069  7.716085764132976
0.0  0.447895883466043   0.5175379613537193  -0.06579516949597687  -0.14586986925346498
0.0  0.44044047385527285   0.5411030928800244  -0.06579516949597687  -0.06579516949597687
0.0  0.4571837310049051   0.501294465128487  -0.06579516949597687  -0.2392903523038672
0.0  0.436792353492246   0.5397365514148953  -0.06579516949597687  -0.0924867360818061
0.0  0.42767303943697094   0.5049310609017889  -0.06579516949597687  -0.09248673608180609
0.0  0.4270427917476489   0.5256678363090012  -0.06579516949597687  -0.09248673608180609
0.0  0.4403506297987034   0.5391182485334934  -0.06579516949597687  -0.0924867360818061
0.0  0.4375123215539796   0.5042883338408664  -0.07914095278889148  -0.1592156525463794
0.0  0.44015547178236847   0.5531541169283551  -0.06975613856202047  -0.07914095278889148
0.0  0.4576177097417428   0.4735715963162857  -0.06579516949597687  -0.2793277021826112
0.0  0.4513165336623839   0.5319912426063461  -0.06579516949597687  -0.2392903523038674
0.0  0.4239077515243787   0.5562436007499306  -0.06579516949597687  -0.0924867360818061
0.0  0.43105320276318476   0.5319088877823378  -0.07914095278889148  -0.07914095278889148
0.0  0.4393973844264731   0.5176777474676169  -0.06579516949597687  -0.1191783026676354
0.0  0.4464921786288357   0.5244122841505587  -0.06579516949597687  -0.10583251937472071
0.0  0.4522757723781243   0.5226859596587404  -0.06579516949597687  -0.07914095278889148
0.0  0.44484570479507435   0.5410300943860828  -0.06579516949597687  -0.14586986925346476
0.0  0.3961707595729923   0.4390323721513497  -0.06579516949597687  -0.07914095278889148
0.0  0.4471106152296879   0.5289706386494356  -0.06579516949597687  -0.10583251937472071
0.0  0.4244310710141994   0.5596372705644348  -0.07914095278889148  -0.0924867360818061
0.0  0.4377162099915201   0.5236439662947735  -0.08045075504033829  -0.06579516949597687
0.0  0.4215589456324806   0.5056287526560629  -0.06579516949597687  -0.07914095278889148
0.0  0.4150362503879968   0.5749931203688312  0.04717156908687127  -0.11917830266763535
0.0  0.4224665752009298   0.5757985337943721  -0.06579516949597687  -0.09248673608180609
0.0  0.42784662856536626   0.5526153837426441  -0.06579516949597687  -0.06579516949597687
0.0  0.4169223638886584   0.5597982437917892  0.002566542297389525  -0.07914095278889148
0.0  0.44622994188053194   0.5227694581935237  -0.06579516949597687  -0.13488617169905048
0.0  0.4425346427977903   0.5028252592477906  0.062347968638854945  -0.06579516949597687
0.0  0.4232239211005548   0.5288125104012347  -0.07914095278889148  -0.07914095278889148
0.0  0.43146622753942115   0.537049819427999  -0.06579516949597687  0.0319951695348877
0.0  0.42437894142503624   0.5029933739614016  -0.06579516949597687  -0.07914095278889148
0.0  0.4355753098427623   0.5187369895154643  -0.08837269317242558  -0.07914095278889148
0.0  0.4218319848023114   0.5155680502293499  -0.06579516949597687  -0.0924867360818061
0.0  0.43086885731820407   0.5373094991049766  -0.06579516949597687  -0.07914095278889148
0.0  0.44427302309013894   0.5404403572282667  -0.06579516949597687  -0.18590721913220853
0.0  0.4527106458790285   0.5389792452985653  -0.06579516949597687  -0.14586986925346498
0.0  0.4191639080596513   0.5431329250785165  -0.06579516949597687  -0.07914095278889148
0.0  0.4456784898496278   0.5178856214641365  -0.06579516949597687  -0.1325240859605502
0.0  0.4463243519922701   0.5310194112242683  -0.06579516949597687  -0.1191783026676354
0.0  0.4318603401836346   0.5330873576268077  0.031995169534887694  -0.10583251937472071
0.0  0.4251075625857007   0.5247061690614501  -0.06579516949597687  -0.0924867360818061
0.0  0.4276263888503398   0.5474578721098528  -0.06579516949597687  -0.07914095278889148
0.0  0.44863973123912165   0.512990674219933  -0.06579516949597687  -0.04388682822503061
0.0  0.429419102000701   0.5226170997632152  -0.052980855682493694  -0.07914095278889148
0.0  0.4507410161031483   0.5563991480174656  -0.06579516949597687  -0.09248673608180609
0.0  0.4170292368119242   0.4031944606573681  -0.06579516949597687  -0.07914095278889148
0.0  0.418948028664482   0.5581516034535399  -0.06579516949597687  -0.07914095278889148
0.0  0.39600462499790384   0.5201064698141684  -0.06579516949597687  -0.0924867360818061
0.0  0.4203235923516402   0.5481730643094834  -0.07914095278889148  -0.10583251937472071
0.0  0.42877485222804357   0.5298356735316361  -0.06579516949597687  -0.10583251937472071
0.0  0.41670956780367   0.5501031848498318  -0.06579516949597687  -0.07914095278889148
0.0  0.443833865359173   0.5038556890251773  -0.06579516949597687  -0.18590721913220878
0.0  0.44702916067613735   0.5258374379329561  -0.06579516949597687  -0.15921565254637934
0.0  0.43667575821449073   0.522583926975619  0.03671934101188859  -0.07914095278889148
0.0  0.43458859780703935   0.5588989175276071  -0.06579516949597687  -0.07914095278889148
0.0  0.406633079978154   0.520798910475186  0.062347968638854945  -0.07914095278889148
0.0  0.43137491873213746   0.5548565432474587  -0.06579516949597687  -0.04778426856394335
0.0  0.4319381986631664   0.49395934376110906  -0.06579516949597687  -0.13252408596055001
0.0  0.42397763903189445   0.5768542640266622  -0.06579516949597687  -0.07914095278889148
0.0  0.4194796945106931   0.5278413421042072  -0.06579516949597687  -0.07914095278889148
0.0  0.42589806121333923   0.5302302628436153  -0.06579516949597687  -0.13252408596055018
0.0  0.44759163684966624   0.5206914423977607  -0.06579516949597687  -0.11917830266763535
0.0  0.4325645072794935   0.5513283308974052  -0.06579516949597687  -0.07914095278889148
0.0  0.4190390476201934   0.5191623789129002  -0.06579516949597687  -0.0924867360818061
0.0  0.4234321371874788   0.516628802925005  -0.03833592560994149  -0.1191783026676354
0.0  0.4263326176818852   0.5196228449934771  -0.07914095278889148  -0.0924867360818061
0.0  0.4465594732615975   0.5103868968963401  -0.06579516949597687  -0.0924867360818061
0.0  0.4272917394006397   0.5431997898879155  -0.06579516949597687  -0.0924867360818061
0.0  0.45001403583642025   0.5151262034904147  -0.06579516949597687  -0.19925300242512342
0.0  0.439154942329356   0.5196088642833524  -0.07914095278889148  -0.1325240859605502
0.0  0.43417076888099515   0.5205726643135878  -0.06619126640258123  -0.0924867360818061
0.0  0.4208311165885891   0.5336941419487576  -0.06579516949597687  -0.0924867360818061
0.0  0.4349668872960699   0.5031924031225753  -0.06579516949597687  -0.07914095278889148
0.0  0.4344250297012796   0.5319066570338276  -0.06579516949597687  -0.09248673608180609
0.0  0.4300950983163192   0.51855866397024  -0.06579516949597687  -0.0924867360818061
0.0  0.4439155303218691   0.5602830988634119  -0.06579516949597687  -0.13252408596055001
0.0  0.43724112515490776   0.5554219548400772  -0.06579516949597687  -0.07914095278889148
0.0  0.44424334229992635   0.5433150746067157  -0.06579516949597687  -0.11917830266763535
0.0  0.4361816633285018   0.49479247673874566  -0.06579516949597687  -0.10583251937472071
0.0  0.45817008068526727   0.4772563815668454  -0.06579516949597687  -0.1592156525463794
0.0  0.4358560999522442   0.5831592811659726  -0.06579516949597687  -0.13252408596055018
0.0  0.44762097071360196   0.5178420774814645  -0.06579516949597687  -0.1191783026676354
0.0  0.4343781353022655   0.5111004364330463  -0.06579516949597687  -0.13252408596055001
0.0  0.44405228577722716   0.5112411542962905  0.016818769982904047  -0.18590721913220867
0.0  0.4441699580919818   0.5235172162613306  -0.06579516949597687  -0.1191783026676354
0.0  0.4274873176002239   0.519851714840668  0.062347968638854945  -0.06579516949597687
0.0  0.44930895173580454   0.5169868223344557  -0.06579516949597687  -0.17256143583929398
0.0  0.4301484327659741   0.5484448308273027  -0.06579516949597687  -0.06579516949597687
0.0  0.4528758677691308   0.5060236188272768  -0.06579516949597687  -0.22594456901095258
0.0  0.42248646145421515   0.49935314009447795  -0.07914095278889148  -0.07914095278889148
0.0  0.4342473447344307   0.5305256377455019  -0.06579516949597687  -0.11917830266763535
0.0  0.4467996513742702   0.5108508359691422  -0.06579516949597687  -0.1191783026676354
0.0  0.42487206389574317   0.5111572276123518  0.062347968638854945  -0.06579516949597687
0.0  0.4505041072458641   0.5250673020750191  -0.06579516949597687  -0.2659819188896965
0.0  0.4483855346362775   0.537729722203072  0.010559243905490798  -0.10583251937472071
0.0  0.42173178934659383   0.5209766544213016  -0.06579516949597687  -0.02658455075532114
0.0  0.4416814851409956   0.5262797466512001  -0.06579516949597687  -0.0924867360818061
0.0  0.43655680994355384   0.5255304275897377  -0.06579516949597687  -0.1191783026676354
0.0  0.4343018713456086   0.49813743210332156  -0.06579516949597687  -0.10583251937472071
0.0  0.4365468101199183   0.4945840486390848  -0.06579516949597687  -0.1325240859605502
0.0  0.42680563929024934   0.5408935177592084  -0.06579516949597687  -0.10583251937472071
0.0  0.44254515002251554   0.5007826323840388  -0.06579516949597687  -0.10583251937472071
0.0  0.43826766287598845   0.4770196952264188  -0.07914095278889148  -0.1191783026676354
0.0  0.4546961314432201   0.5092491162889774  -0.06579516949597687  -0.13252408596055001
0.0  0.4111296283732562   0.5684776520882366  -0.06579516949597687  -0.06579516949597687
0.0  0.432269677267161   0.4960933202243289  -0.07914095278889148  -0.10583251937472071
0.0  0.4368732999795757   0.5354738851904666  -0.06579516949597687  -0.13252408596055001
0.0  0.42909897125857854   0.5189958340287243  -0.06579516949597687  -0.1191783026676354
0.0  0.4329965270095251   0.5556910722596332  -0.06579516949597687  0.03199516953488769
0.0  0.43670887596010427   0.49698039569775004  -0.06579516949597687  -0.1191783026676354
0.0  0.4290678224078514   0.5594970999691369  -0.06579516949597687  -0.07914095278889148
0.0  0.4295265337668528   0.5270604764922856  0.04717156908687129  -0.07914095278889148
0.0  0.4481331679483189   0.502801039102758  -0.06579516949597687  -0.0924867360818061
0.0  0.45250840462697056   0.5310789421790184  -0.07015223546862483  -0.2659819188896964
0.0  0.4514572751268513   0.5184010185077252  -0.06579516949597687  -0.1592156525463796
0.0  0.4301535525673399   0.5235816580491065  -0.06579516949597687  -0.1191783026676354
0.0  0.45257115236628676   0.5153161373754337  -0.06579516949597687  -0.1592156525463794
0.0  0.4435896829928715   0.4827244110266276  -0.06579516949597687  -0.17256143583929398
0.0  0.45336685634013363   0.5090575959889442  -0.06579516949597687  -0.252636135596782
0.0  0.42038632989803476   0.5715523225001173  -0.007215449205768003  0.0319951695348877
0.0  0.44856918325049516   0.5392730383448651  -0.06579516949597687  -0.1191783026676354
0.0  0.4075532153004669   0.5242021954138757  -0.06579516949597687  -0.06579516949597687
0.0  0.441526120210605   0.4993848076911013  -0.06579516949597687  -0.10583251937472071
0.0  0.43551839969287676   0.5019188296742271  -0.06579516949597687  -0.07914095278889148
0.0  0.4568390449587635   0.5304194706332137  0.025735643457474474  -0.2659819188896966
0.0  0.4288817715989968   0.527264584460334  -0.06579516949597687  -0.07914095278889148
0.0  0.43489739392246296   0.5117110807841283  -0.06579516949597687  -0.10583251937472071
0.0  0.4232363127404252   0.5603853489249069  -0.06579516949597687  -0.0924867360818061
0.0  0.4329247523075282   0.5257092594429696  -0.07914095278889148  -0.1191783026676354
0.0  0.4257121399110954   0.5298400386461144  -0.06579516949597687  -0.10583251937472071
0.0  0.4126027947521208   0.542706028993663  -0.07914095278889148  -0.10583251937472071
0.0  0.4364774520535505   0.5573394774293084  -0.06579516949597687  -0.0924867360818061
0.0  0.4178223358681732   0.5496980360603599  -0.06579516949597687  -0.07914095278889148
0.0  0.4214151301372741   0.5424566676119024  -0.06579516949597687  -0.07914095278889148
0.0  0.43509377941873356   0.542928260692396  -0.06579516949597687  -0.14586986925346482
0.0  0.4480200767541229   0.5049379375684889  -0.06579516949597687  -0.13252408596055001
0.0  0.43172615995521246   0.5078066850285533  -0.06579516949597687  -0.0924867360818061
0.0  0.43737789243322256   0.5530175667898176  -0.06579516949597687  -0.0924867360818061
0.0  0.42966259108754973   0.4915472440049919  -0.06579516949597687  -0.09248673608180609
0.0  0.435153009563721   0.5467415983970944  -0.06579516949597687  -0.14586986925346498
0.0  0.44099091822488595   0.5128615316906862  -0.06579516949597687  -0.10583251937472071
0.0  0.42393784259328754   0.5300635357974284  -0.06579516949597687  -0.07914095278889148
0.0  0.4425248808582954   0.5369037651773397  -0.06579516949597687  -0.13252408596055007
0.0  0.4368833526184181   0.5144903371939278  -0.07914095278889148  -0.07914095278889148
0.0  0.4349007287824907   0.5385367594439543  -0.06579516949597687  -0.1325240859605501
0.0  0.4401705674904356   0.5243019762696827  -0.06579516949597687  -0.07914095278889148
0.0  0.4521835624686635   0.5201966912498419  -0.02552161179645832  -0.07973147610620468
0.0  0.4390941132617396   0.507076140200546  -0.06579516949597687  -0.10583251937472071
0.0  0.4305155775058704   0.5246688711478887  -0.06579516949597687  -0.13252408596055018
0.0  0.4381937451441402   0.5674337890467098  -0.06579516949597687  -0.11917830266763535
0.0  0.4400380679207885   0.4632913942040779  -0.06579516949597687  -0.15921565254637948
0.0  0.41979583563493844   0.5295820396584958  -0.06579516949597687  -0.09248673608180609
0.0  0.4308092144462548   0.512589807843693  -0.06579516949597687  -0.07914095278889148
0.0  0.44057717782492833   0.5354102222453596  -0.07914095278889148  -0.10583251937472071
0.0  0.43049367709402725   0.5184562974601122  -0.06579516949597687  -0.07914095278889148
0.0  0.4368060797204174   0.4919820558485801  -0.06579516949597687  -0.0924867360818061
0.0  0.44604718841318125   0.5449575447821525  -0.0924867360818061  -0.17256143583929412
0.0  0.4517529264987915   0.5239702250218942  -0.06579516949597687  -0.13252408596055018
0.0  0.43784929492369623   0.5636830683882978  -0.06579516949597687  -0.07051934097297778
0.0  0.42875477812877044   0.5221137068203044  -0.06579516949597687  -0.0924867360818061
0.0  0.43620504535384413   0.5283814664676111  -0.06579516949597687  -0.09248673608180609
0.0  0.44982228962566606   0.5131561580054934  -0.06579516949597687  -0.17256143583929423
0.0  0.4311734323573302   0.5285158207034576  -0.06579516949597687  -0.013534029121063234
0.0  0.42183347931279463   0.5070390531719571  -0.06579516949597687  -0.10583251937472071
0.0  0.4477388708780934   0.5239694293283796  -0.06579516949597687  -0.15921565254637932
0.0  0.4435511898447652   0.5036837919351138  0.062347968638854945  -0.07914095278889148
0.0  0.44721237937201275   0.5036800138211054  -0.06579516949597687  -0.1592156525463794
0.0  0.4361946289988217   0.5259241444955647  -0.07914095278889148  -0.1191783026676354
0.0  0.42164016943035615   0.5090101258533591  -0.06579516949597687  -0.10583251937472071
0.0  0.4474832567851555   0.5221602368216747  -0.07914095278889148  -0.1859072191322087
0.0  0.43178368451700877   0.5145278731847909  -0.06579516949597687  -0.10583251937472071
0.0  0.45107515612981436   0.5028506277399267  -0.06579516949597687  -0.1191783026676354
0.0  0.42675176388357444   0.5359054654034247  -0.06579516949597687  -0.1191783026676354
0.0  0.4323680687329292   0.49706013999594345  -0.06579516949597687  -0.06579516949597687
0.0  0.44073403173361964   0.5461666286810646  -0.06579516949597687  -0.0924867360818061
0.0  0.4356142968700972   0.5499495238942094  -0.06579516949597687  -0.06579516949597687
0.0  0.4410375231645758   0.5228925857272014  -0.06579516949597687  -0.0924867360818061
0.0  0.4331847740399751   0.5322602888449344  -0.06579516949597687  -0.1191783026676354
0.0  0.43872269187312724   0.5390969584366343  -0.06579516949597687  -0.15921565254637945
0.0  0.43613076022501107   0.49236536266743974  -0.06579516949597687  -0.10583251937472071
0.0  0.4459654624801688   0.4942285604743592  -0.06579516949597687  -0.11917830266763535
0.0  0.441424647112523   0.5504751566304441  -0.06579516949597687  -0.07914095278889148
0.0  0.4460260476008655   0.5415864068523462  -0.06579516949597687  -0.1325240859605502
0.0  0.4512720963164725   0.5084315845814649  -0.06579516949597687  -0.0924867360818061
0.0  0.4427918735973957   0.5250302538192143  -0.06579516949597687  -0.1191783026676354
0.0  0.44667776547085497   0.5247761720345988  -0.06579516949597687  -0.17256143583929406
0.0  0.4373143047883927   0.49647375701687896  -0.06579516949597687  -0.1325240859605501
0.0  0.45749421366106946   0.5343358552127169  -0.06579516949597687  -0.11917830266763535
0.0  0.4377092936754751   0.5229974762542623  -0.06579516949597687  -0.07914095278889148
0.0  0.4039548187084879   0.5461021076611926  -0.06579516949597687  -0.07914095278889148
0.0  0.45056005938120464   0.5384542852471236  -0.07914095278889148  -0.2926734854755258
0.0  0.44320643010012806   0.5369462911846181  -0.06579516949597687  -0.10583251937472071
0.0  0.439095536084651   0.5361285694420678  -0.08401562719977756  -0.10583251937472071
0.0  0.4476759089309562   0.4948147497910009  -0.06579516949597687  -0.1191783026676354
0.0  0.4393995786612807   0.5860491348747336  -0.06579516949597687  -0.023986257196045954
0.0  0.4438269009547974   0.4990778596491441  -0.06579516949597687  -0.0924867360818061
0.0  0.4354940378941338   0.5045240167402758  -0.06579516949597687  -0.0924867360818061
0.0  0.4344731914079356   0.5867436593313867  -0.06579516949597687  -0.06579516949597687
0.0  0.4359007344093682   0.518454563856902  -0.06579516949597687  -0.0924867360818061
0.0  0.4570433327380786   0.5072701859682858  -0.06579516949597687  -0.33271083535426954
0.0  0.42982247828276643   0.5676014378483749  -0.06579516949597687  -0.0924867360818061
0.0  0.4144139014623082   0.5571473756047891  -0.06579516949597687  -0.07914095278889148
0.0  0.4404528610706068   0.5221211881689333  -0.06579516949597687  -0.14586986925346493
206.0  0.43428890971849976   0.5439474124949378  -0.07914095278889148  -0.14586986925346482
196.0  0.4457506975631201   0.5219129367491439  -0.06579516949597687  -0.10583251937472071
220.0  0.4413165516698085   0.5280842916231839  -0.07914095278889148  -0.1325240859605501
201.0  0.43480297619653285   0.5336922721307062  -0.06579516949597687  -0.13252408596055001
109.0  0.43330496189932494   0.4966984178423681  -0.06579516949597687  -0.0924867360818061
204.0  0.4329597119563855   0.5336806554586803  -0.06579516949597687  -0.1191783026676354
220.0  0.42759685041465784   0.5244757154557269  -0.06579516949597687  -0.10583251937472071
214.0  0.4340492434152524   0.5197140759362587  -0.06579516949597687  -0.13252408596055004
203.0  0.4317263973398006   0.5488992318660673  -0.06579516949597687  -0.10583251937472071
193.0  0.4223844777757215   0.5311099329171368  -0.06579516949597687  -0.07914095278889148
209.0  0.44912259704794794   0.49139655455877423  -0.06579516949597687  -0.18590721913220867
219.0  0.4455292464042868   0.49018222111230375  0.062347968638854945  -0.14586986925346482
201.0  0.4275995652705275   0.5009199530721054  -0.06579516949597687  -0.0924867360818061
227.0  0.42215936359000805   0.5944344324127965  -0.06579516949597687  -0.10583251937472071
232.0  0.4330263541485341   0.5162968687666569  -0.06579516949597687  -0.13252408596055018
-3136.0  0.42100923270686685   0.37442044510271455  -0.0701595563668789  0.7027142887668911
256.0  0.41308917210804974   0.5617316004010382  -0.06579516949597687  -0.0924867360818061
160.0  0.4460077006277707   0.5076640932108385  -0.06579516949597687  -0.13252408596055
251.0  0.43185140472748473   0.5596002615360047  0.062347968638854945  -0.1191783026676354
201.0  0.44532976239866556   0.5129958883435224  -0.06579516949597687  -0.13252408596055001
218.0  0.43698329035133004   0.5340285273337422  -0.06579516949597687  -0.1191783026676354
214.0  0.41503578195384   0.5722127620350109  -0.06579516949597687  -0.09248673608180609
205.0  0.43729876584802446   0.5297166002900454  -0.06579516949597687  -0.21259878571803803
219.0  0.43175840722510145   0.5421012356725237  -0.07914095278889148  -0.0924867360818061
247.0  0.43050087601487663   0.5740098550109186  -0.08560001482619507  -0.10583251937472071
215.0  0.4304031264672982   0.5652205292820852  -0.07886636741392083  -0.07914095278889148
241.0  0.46029653949194665   0.4980353730166982  -0.09312585605167793  -0.34605661864718423
234.0  0.4420399833259351   0.5112293786991835  -0.06579516949597687  -0.10583251937472071
233.0  0.4450099765198326   0.5715628477732559  -0.06579516949597687  -0.10583251937472071
212.0  0.43378335282994296   0.5656989737281597  -0.06579516949597687  0.0016423704309204213
234.0  0.4505854764461087   0.524449093916044  -0.03467469309180345  -0.1325240859605501
209.0  0.42950243674592375   0.522725839169684  -0.06579516949597687  -0.06579516949597687
215.0  0.4360534507699936   0.536076664896407  -0.06579516949597687  0.0016423704309203974
250.0  0.4329885959280948   0.5395258129985653  -0.07914095278889148  -0.0924867360818061
200.0  0.42756188307803755   0.5246444836195285  -0.06579516949597687  -0.10583251937472071
229.0  0.4550753888991453   0.51114577442466  -0.06579516949597687  -0.07914095278889148
205.0  0.4307311607643991   0.5285229480845481  -0.06579516949597687  -0.10583251937472071
195.0  0.4238449972442546   0.5209957618134691  -0.06579516949597687  -0.09248673608180609
195.0  0.44257072376626705   0.5023482840911403  -0.06579516949597687  -0.15921565254637937
194.0  0.43502803149735714   0.5423438627776053  -0.06579516949597687  -0.0924867360818061
224.0  0.4334626672440193   0.5528569363483802  -0.06579516949597687  -0.06579516949597687
233.0  0.437741797391312   0.5195243068711815  -0.06579516949597687  -0.09248673608180609
234.0  0.44000541462608783   0.5215181499369227  -0.06579516949597687  -0.09248673608180609
231.0  0.44661848638004026   0.49390328244447307  -0.06579516949597687  -0.07914095278889148
229.0  0.44510810391797007   0.5340948148344205  -0.06579516949597687  -0.09248673608180609
212.0  0.43613007182746427   0.556639798726688  -0.06579516949597687  -0.10583251937472071
199.0  0.45337974534945646   0.5003989254874445  -0.06579516949597687  -0.1458698692534648
186.0  0.43402830858034946   0.5204317974324566  -0.06579516949597687  -0.1191783026676354
225.0  0.41848693861868386   0.5473375625725689  -0.06579516949597687  -0.13252408596055001
12.0  0.44402556300616397   0.4598270717275718  -0.06579516949597687  -0.0924867360818061
43.0  0.42338411709077717   0.49712662495549137  -0.06579516949597687  -0.09248673608180609
218.0  0.44726748679844797   0.5119245960054155  -0.06579516949597687  -0.1725614358392942
209.0  0.45473707790864676   0.5143537172676803  0.0471715690868713  -0.1592156525463794
213.0  0.4193135835387747   0.5183846658147007  -0.06579516949597687  -0.0924867360818061
230.0  0.44439337506490934   0.5412938116242629  -0.06579516949597687  -0.0924867360818061
203.0  0.44878775640348373   0.5144082170698792  -0.06579516949597687  -0.13252408596055001
239.0  0.4344294778552547   0.5187175071907052  -0.06579516949597687  -0.09248673608180609
185.0  0.4414370733630511   0.5111587968189265  -0.06579516949597687  -0.10583251937472071
213.0  0.4121252481101124   0.5339931019366383  -0.06579516949597687  -0.0924867360818061
224.0  0.44436358462922054   0.4956171913385657  -0.06579516949597687  -0.09248673608180609
209.0  0.4418442400176886   0.508631015423019  -0.07914095278889148  -0.1191783026676354
213.0  0.43211399362513575   0.5443699614689923  -0.06579516949597687  -0.10583251937472071
218.0  0.4266859337219801   0.565265335306684  -0.06579516949597687  -0.1191783026676354
215.0  0.4345864997646739   0.55650677002246  -0.06579516949597687  -0.13252408596055001
187.0  0.43271198634992614   0.4913911206274026  -0.06579516949597687  -0.10583251937472071
175.0  0.43770285419756855   0.49083794184579593  -0.08758049935921686  -0.10583251937472071
182.0  0.44475058810019985   0.5212491426194783  -0.06579516949597687  -0.07914095278889148
207.0  0.4473185375813699   0.5221170768942368  -0.09248673608180609  -0.13252408596055001
232.0  0.4518109815636132   0.503204509612419  -0.09312585605167793  -0.319365052061355
190.0  0.42504607696782293   0.5668817897414695  -0.06579516949597687  -0.06579516949597687
172.0  0.429862655015634   0.5077657388976492  -0.07914095278889148  -0.1592156525463794
196.0  0.4443248762529582   0.4946463253760525  -0.06579516949597687  -0.09248673608180609
223.0  0.433763281839327   0.5312314114070852  -0.06579516949597687  -0.07914095278889148
229.0  0.43499090470204355   0.5115620402188895  -0.06579516949597687  -0.10583251937472071
213.0  0.4563105438963822   0.5152201378450187  -0.06579516949597687  -0.18590721913220878
215.0  0.44499467719969904   0.531079395715432  -0.06579516949597687  -0.14586986925346476
