200.0  0.42992389544402326   0.5327135684573048  -0.07914095278889148  -0.13252408596055018
191.0  0.4424049878572572   0.5085691660097673  -0.06579516949597687  -0.1191783026676354
209.0  0.4389696795766707   0.5153082020016789  0.05868673612071688  -0.1191783026676354
235.0  0.4398328870857915   0.5162517834631302  -0.07914095278889148  -0.13069346970148096
254.0  0.46140250361568347   0.49938517660219767  -0.08560001482619507  -0.3193650520613551
241.0  0.4283516067768668   0.5173655874995364  -0.06579516949597687  -0.07914095278889148
214.0  0.442842302190932   0.5126932472406868  -0.07914095278889148  -0.1592156525463794
209.0  0.4469619150090347   0.5437225470015645  -0.06579516949597687  -0.1191783026676354
245.0  0.46482130394314186   0.4881967568098495  -0.10516430947852107  -0.3594024019400989
172.0  0.4405931075763914   0.49509447441105153  -0.07914095278889148  -0.1191783026676354
228.0  0.44184458872244564   0.5278130989547797  -0.07914095278889148  -0.09248673608180609
214.0  0.4456343453301217   0.4998794667760613  -0.06579516949597687  -0.21259878571803797
-115.0  0.44689675489648556   0.4037924539164899  -0.06579516949597687  -0.07914095278889148
186.0  0.43887376555377716   0.5002310511459621  -0.06579516949597687  -0.1325240859605501
238.0  0.47424385254284374   0.4631169234491938  -0.06579516949597687  -0.5328975847479888
