0.0  0.38053452147066585   0.45665118452061326  -0.15352206215727943  -0.15352206215727943
0.0  0.44360600674507844   0.4937128288114991  -0.15352206215727943  -0.18173799341870334
0.0  0.4143873838956597   0.4979118550546248  -0.15352206215727943  -0.15352206215727943
0.0  0.44154989489366436   0.4977921595057825  -0.18173799341870334  -0.20995392468012736
0.0  0.4628789542201552   0.43127393216262466  -0.15352206215727943  -0.17732679939518528
0.0  0.44599466841309393   0.49224831562275073  -0.15352206215727943  -0.20995392468012739
0.0  0.38492825242418255   0.5149079099254635  -0.15352206215727943  -0.15352206215727943
0.0  0.4347473814367165   0.5030362548973895  -0.15352206215727943  -0.18173799341870334
0.0  0.4339939809807211   0.49420653218750515  -0.15352206215727943  -0.18173799341870334
0.0  0.41900850118600824   0.47367238298324366  -0.15352206215727943  -0.15352206215727943
0.0  0.43624449920622854   0.4256530785726823  -0.15352206215727943  -0.15352206215727943
0.0  0.4447164547972916   0.49301045075113525  -0.15352206215727943  -0.20995392468012733
0.0  0.4415827607452858   0.5260529357005114  -0.15352206215727943  -0.26638578720297545
0.0  0.421712145792983   0.501195074100241  -0.15352206215727943  -0.15352206215727943
0.0  0.43573141880069   0.4811428597256246  -0.15352206215727943  -0.15352206215727943
63.0  0.44186860723853955   0.5429935847863684  -0.15352206215727943  -0.18173799341870334
