-201.0  0.6426473083639821   0.6040871175223834  -1.522272356874885  0.23193499054827205
-138.0  0.5511477775881711   0.7055998485622429  -0.41663534505588623  0.4520792838475582
111.0  0.6845502291437616   0.8134082845245783  -0.05021652524110824  -0.07298588266106722
-197.0  0.685406432458721   0.6844134282467301  -1.12904128760893  -0.024574653358507805
220.0  0.706944568023628   0.9020497898433575  0.4118392723119474  -0.0036300275274094066
-221.0  0.5565859549851527   0.6975700970344133  -1.0465137435495466  0.30155049393275796
-133.0  0.5659002264246509   0.733782736710458  -0.3129914024617204  0.28150648474634704
-144.0  0.6772850253004203   0.7058682642706148  -0.043644861597999005  0.13679763062614644
-72.0  0.5450137744238914   0.8950482189667188  0.009177600042436219  0.13860724881051617
147.0  0.6984420844995287   0.8084639008159266  0.4761098076071751  0.2684334653513861
-116.0  0.683074255155918   0.635260619233589  -0.47039637385766603  0.38941880846477717
-195.0  0.6314597750182536   0.5957603419597868  -1.483496946700776  0.1881579354566211
-150.0  0.5912581083080729   0.7371872919196827  -0.24619174940493832  0.04912381291069936
-186.0  0.6393778092353699   0.5707708154019799  -1.5524457495226396  0.25555555555555576
-186.0  0.5576364265023663   0.6605032408175535  -1.3062192975669094  0.4094622294618775
