0.0  0.46802761398848275   0.4705093577979246  -0.2964976514358205  -0.042366561972551814
0.0  0.40207641880359146   0.40295349570947  -0.4713287296636468  0.012014005852764041
0.0  0.4744344914378111   0.45994743438107083  -0.13255178097405718  -0.358072673446305
0.0  0.5450670932339146   0.4647658941133482  0.07052829314104908  -0.6386814351800394
0.0  0.40339965437666186   0.42646139904780705  -0.10536275877130152  -0.06947257008514039
0.0  0.45724847441889416   0.44893580984015946  -0.10623001278813696  0.0825587915774115
0.0  0.4595054024493849   0.4586790139673452  -0.1758819378044838  -0.037837430140734235
0.0  0.4357805635286169   0.47039646533441104  -0.26540154447072795  0.004073029015362797
0.0  0.45148091581169086   0.5487292279914427  -0.03109312553702218  -0.404288858628277
0.0  0.5210276625410656   0.49285075889568736  -0.1683912600715164  -0.37039908717067327
0.0  0.48388147159229244   0.45307822467082626  0.041026554139222196  -0.32742147703986463
0.0  0.47270867632641467   0.5083319344651317  -0.0022313431490903054  -0.4773161403431476
0.0  0.44724383356078956   0.42871812869995  -0.33016382595777843  0.08719786224705178
0.0  0.4757677838753739   0.3767390367472215  -0.5648509397681973  0.05623561147054369
0.0  0.5230545996902062   0.38771195972461187  -0.2923138549033228  0.13392568214247919
