-190.0  0.3433139786967929   0.4404820054244334  -0.3550044677451901  -0.0591039930366165
49.0  0.41930650196982067   0.5104213152985692  0.026069130094262326  -0.15687715079592043
268.0  0.42730185668366927   0.5471863026524192  0.12904323854062222  -0.4484454005728332
-241.0  0.32400181566333847   0.3774926215174842  -0.8950505676482063  0.05251960498216168
151.0  0.3853667218153137   0.5510910112125493  0.013500099408002746  -0.22337220022788826
-178.0  0.2837112923536083   0.41192019511659506  -0.473270445744016  0.2004459314343183
225.0  0.46040572177860706   0.5129545189577996  0.1569881386526737  -0.48844097349921906
-219.0  0.3384042452125063   0.3440348884715613  -0.7654448538090252  0.03950174723145862
-197.0  0.3693814428067622   0.44396748974772615  -0.39068972049698186  -0.03337588733371086
-87.0  0.4495659054231838   0.48187104006558384  -0.17438867884788284  -0.012893314870142659
-165.0  0.3550261745944572   0.41953477056771954  -0.3590422113937582  -0.03604241876935833
272.0  0.384780715506939   0.6396583030502642  0.021597748322087353  0.3930446442258822
-222.0  0.31513804174640914   0.39388333425952965  -0.5060146040036266  0.09565441007649818
-181.0  0.42029744800563396   0.44062819714178764  -0.35587776350763395  0.05271933482026601
-148.0  0.4343082597521997   0.43074070273541126  -0.10649065913204973  0.018290870109490737
-2966.0  0.42201021113694465   0.3924893405906314  -0.10647163934459249  -0.06579516949597687
-251.0  0.3462064070867366   0.38317256763497604  -0.699244405984958  0.14914468615235668
253.0  0.3645705328197927   0.5986808429624356  0.09198743297778719  -0.1588352538016309
255.0  0.40096142965636244   0.5938506781898867  0.004898421293419733  0.501558677752924
-160.0  0.37540446107219083   0.4190992843759083  -0.30135956986151524  0.06753278313975751
-245.0  0.3100858351886805   0.35969895678039904  -0.7670774650312348  0.2501144203973326
241.0  0.3553172005038226   0.6573140500851589  -0.03573840302232639  -0.2761549774449466
283.0  0.3970925070203802   0.600733896798884  0.014464668345444772  -0.4341610212853166
-198.0  0.36736652086032523   0.4194642690911754  -0.27587222543760637  0.07326167374843805
-184.0  0.2593667822733187   0.5046809849783973  -0.4506817763413822  -0.0429732048552932
247.0  0.4335519465851246   0.5431072404622482  0.08513583395779134  -0.49635658660982623
183.0  0.40557956251576627   0.5497394021028964  0.07863405077004283  -0.25425953900073767
-266.0  0.23658914528725733   0.4127320709706265  -0.827727812629702  0.05061160496540021
131.0  0.4026599896699245   0.5362132639921675  -0.12437498033835909  -0.2957668809620621
-292.0  0.2976886645856003   0.3956839410545281  -0.8387857237293763  0.030095690329762018
267.0  0.3931821746373037   0.587523716727144  0.14071375201644526  -0.33249038975353784
293.0  0.3576690271594257   0.6570237327178103  0.05741281457347115  -0.4150708317469142
118.0  0.39770684379511906   0.5381796715907847  0.05051211891971314  -0.18032736557830012
-170.0  0.3702891741368808   0.42145165105636384  -0.21560477251083665  0.08982460451431713
-172.0  0.43510567686980217   0.389180943996567  -0.25764899002314107  -0.08067005478891172
-160.0  0.3962318456203703   0.44653600464568216  -0.23033909920786155  -0.14854719988222814
-251.0  0.36387371728739565   0.434754541889338  -0.47982374612131296  -0.06303658428405119
-261.0  0.3751689669117792   0.3990876092498834  -0.6337456502913517  -0.06832200717789583
101.0  0.4509315586393405   0.4868358661733689  -0.11451207688200864  -0.11747780658114644
-122.0  0.36314247038818176   0.48495545734424067  -0.18603921521490657  0.1120834150569161
-271.0  0.3251949116096438   0.39381482525058326  -0.6546046515935038  -0.062084002418859606
-213.0  0.3285215753528385   0.4650421662754086  -0.4106059852482612  0.06481942918698494
-184.0  0.3424589835185267   0.42657569336359435  -0.36350027917025135  -0.01688951069497764
-238.0  0.36223125216195656   0.4122372082842261  -0.5665758779333564  -0.0416036429609175
273.0  0.40626265852235627   0.5946639906355196  0.16168496339826008  -0.3268187073832134
-249.0  0.3549007655332714   0.3455867772568818  -0.6955817100512406  0.15447902138425848
-230.0  0.28762345017957625   0.42987860340151857  -0.5437004372777805  0.001234662375941479
150.0  0.4546785749687202   0.491825759139934  0.062347968638854945  0.03168739706297159
-253.0  0.3545112268297866   0.4086809673230724  -0.6806951000268815  0.07352869377122505
-242.0  0.34402743437134226   0.4187663022315999  -0.5425588512141173  -0.0016763001439808961
-12.0  0.4247317458330128   0.4771263560814741  -0.01982097947001328  -0.11088481470092772
-93.0  0.39065873717931293   0.4283851184833954  -0.1903273571620735  0.1886772650749542
-51.0  0.4511326778949322   0.4181769188427264  -0.22373164414703087  0.177693003406809
-198.0  0.38671482125604517   0.38592210427307494  -0.47499834442220856  0.051329334283593715
276.0  0.4177608856148219   0.5692798302087206  -0.0193188870997231  -0.323438754275081
304.0  0.4067592988869617   0.6069868995745251  0.011774562397847974  -0.3789814980333548
91.0  0.44193927473438427   0.48357956720025164  0.202837922879802  -0.1838916264913087
-265.0  0.26555077430361484   0.3714843309131425  -0.7606327584153055  0.10956339047594413
286.0  0.34655912117648824   0.6061844008036668  0.07352869377122505  -0.24562195471647777
-229.0  0.3708968933135955   0.4164509185888336  -0.6572227839581141  0.03955224253597381
-225.0  0.3477823119117425   0.4250700664250923  -0.6396121512613018  0.04883472540559403
100.0  0.43447593828415293   0.5091489056674777  0.013500099408002746  -0.132070052139257
-113.0  0.3641598985587541   0.46913242886261586  -0.18603921521490657  0.14071375201644526
14.0  0.40571707162655996   0.529983238769184  -0.1279258631838141  0.1509942669258742
121.0  0.39371899128701454   0.5277874850750743  -0.06164809094937294  -0.29007805821760635
125.0  0.4266873989220419   0.488541205607549  0.14584913923290166  -0.2068336054763902
66.0  0.36827452429341606   0.5763807894364488  -0.021269943604123216  -0.05720292756133317
-84.0  0.4383256514840672   0.4643276250366711  0.20309076885804606  -0.04353675054472599
-223.0  0.37754690021931137   0.41402972359788526  -0.5891376865341905  0.04418518216917127
-182.0  0.32917376171500345   0.42864449599895754  -0.40259963092447454  0.2193786003062348
-254.0  0.246392665134346   0.42462686218002776  -0.3291307268867163  -0.1163034233792737
-189.0  0.3644757686584386   0.45372812461486456  -0.34020273117712163  0.016109545240922868
215.0  0.38680993688332316   0.5959253007834772  -0.1247758181920254  -0.03526839651252028
-157.0  0.3795716648372802   0.4615199765123247  -0.19709668202386746  0.2503130871608796
291.0  0.37279673185402024   0.610490004773409  0.036176707560439135  -0.40642312265194896
-202.0  0.3602331354047464   0.44895885313851913  -0.39032931278295546  -1.6049669979025408E-4
-187.0  0.4045569374327771   0.39894567327516883  -0.4330875321953798  0.08045887064829971
-94.0  0.4619881317365245   0.39615479268318904  -0.38042139689530496  0.14634304965420641
-211.0  0.29287570055882073   0.4117354573889303  -0.47143982948494695  0.15751673915348588
-216.0  0.3801355678257419   0.3746881666853028  -0.5208914059482979  -0.0016763001439808961
-191.0  0.4062543193599235   0.4021226020420354  -0.5339555122034821  0.11962876560854428
-238.0  0.3266795032136329   0.44435322711264846  -0.3504919928663126  0.05051211891971314
125.0  0.41205921228446246   0.5112695686311037  -0.025325881828742947  -0.1686070495534953
-209.0  0.3741839884900314   0.41377934062806326  -0.5842780948213456  -0.12727234164399936
270.0  0.43596835835626285   0.5315754250919783  0.14452776699120187  0.41679000213345163
-187.0  0.31431405588519   0.5156871933190673  -0.36751209357099907  -0.04366208627991708
101.0  0.38888645891576606   0.5329500648914639  0.16363288779146976  -0.12040335425280213
-97.0  0.4081747777146729   0.46326190294616243  -0.1334549391099765  -0.1216150083963547
-209.0  0.36190781451111453   0.4636569879869827  -0.45597030909990166  0.0612777970971972
-88.0  0.4521135042033955   0.46371310683502465  -0.18260507028583783  0.21321759445732402
269.0  0.3631898519593662   0.5681603181929185  -0.014248099326292016  -0.251134885704212
264.0  0.40965478070819833   0.5320016889303438  0.062347968638854945  0.2526451406063127
-74.0  0.383841197157177   0.48001211538400446  -0.33280212938914333  -0.06283210226457182
-119.0  0.4683978477968978   0.397548450799615  -0.34670480875816617  0.1365540792400648
-145.0  0.31245187170923927   0.5525387129058488  -0.044967488646088835  0.028509767544450566
-251.0  0.3095553315312639   0.4148013415966982  -0.7802502226564778  -0.0439089929868706
-144.0  0.3829372770541111   0.47236442031332654  -0.202911611483175  0.13988915174882863
99.0  0.3922545435481725   0.5661918089806108  0.11140426308435222  -0.10153616250617127
-116.0  0.37631385808372453   0.4742861539503745  -0.41034958552952383  -0.050739164085007636
-108.0  0.32526580521748794   0.5203706571524255  -0.2699489783487792  0.15090582485563878
-67.0  0.44661239155707116   0.4418604561037468  0.024688754712369636  0.00983305094535161
-179.0  0.388027097050557   0.44667027602325343  -0.3831833249441759  -0.08427579213840104
-217.0  0.35615947586240027   0.4462457258934313  -0.5558910448224019  0.09433774519743017
-158.0  0.34549289497818053   0.4599055981247931  -0.4015454484398442  0.2940361847573175
-259.0  0.37578991496504804   0.38955002803977606  -0.6816888858752029  -0.010566643634726494
282.0  0.4235532992294748   0.5668720044601695  -0.05339193990896999  -0.47008222491137275
