178.0  0.44209724059142125   0.4963729389573295  0.08982460451431713  -0.2278035670105747
0.0  0.41237744193999293   0.513366502899536  -0.08861684617860642  0.04523496295550354
-137.0  0.41690051516344195   0.37902190574394196  -0.33461221744243047  -0.05270288753652355
20.0  0.43409432513635376   0.5358512375706533  -0.030487198377636266  0.10081683031229076
-98.0  0.39350841404243864   0.4185665702478988  -0.26739066219947083  0.15543895094870544
-156.0  0.3904565048550293   0.47872328794031027  -0.34067196210580425  -0.014517695844311288
-159.0  0.4338615348492402   0.3822603482893345  -0.24242334474462704  0.14071375201644526
-117.0  0.3866689659152105   0.43314796157487206  -0.053136057970017005  0.10247398614761698
-204.0  0.3639650964832118   0.4475076163666083  -0.2413357513727473  0.14605905657732052
235.0  0.4322187083005473   0.6039327073528448  0.02518971072920943  0.3391891467975715
-42.0  0.4004316063970758   0.5126650989650526  0.0019607529037357608  0.007135367670012367
-104.0  0.406945573682879   0.5037879341415471  -0.12102245278023833  0.00498618693831427
250.0  0.4756917787159531   0.47897041110035843  -0.002177213421603625  -0.188944116392339
-118.0  0.3618893456792705   0.5161746424557867  -0.10599189726763966  0.0990428733787631
279.0  0.4281089205943101   0.5220198261187021  0.15621018497399486  0.32350960720795263
112.0  0.4348037104638132   0.5639363563779523  -0.13774615369862508  -0.09783773274874628
-223.0  0.40796238666576135   0.35613399512149113  -0.6226597137944362  0.09693226704490604
-216.0  0.4151795163836863   0.392019774186738  -0.6022094868768884  0.2301974213303239
-178.0  0.3699872597324476   0.37720255518861817  -0.39574183734273854  0.1815590567454538
24.0  0.4593687325228912   0.4368771655927948  -0.03239362771332409  0.07840040951499117
-168.0  0.3439639105751385   0.40970587688505317  -0.2676328153763368  0.0520440354333706
-165.0  0.352817534208076   0.41943551444541205  -0.4528364480589622  0.08614531242114754
-180.0  0.3814235951887687   0.4148228893324954  -0.27281785273965364  -0.02646840244665293
-218.0  0.31812030193306157   0.38263890029615666  -0.487461685099387  0.07926043733518598
291.0  0.47741299354779565   0.5387398221886956  0.1657752550337046  -0.36213233136760786
133.0  0.4022068107923045   0.4697760105716684  0.10081672024478894  -0.05651090467349041
-150.0  0.44632297843136404   0.47730310361825856  -0.19186051684715164  0.04387720920432644
-156.0  0.3627529052073515   0.4238889625478885  -0.2956340225028959  -0.038609762707349685
-136.0  0.42377699777322947   0.41183835585084444  -0.27676445765970814  0.0753205792322769
171.0  0.42267418289251857   0.553883593283294  0.02702952361663196  -0.210324364449879
-104.0  0.4360340002614183   0.48059255600210865  0.014569312570882625  0.15678984472055027
-155.0  0.3065946797103355   0.3912169139521705  -0.42182928627298394  0.19828766369428372
-148.0  0.417597780461281   0.4084654375401381  -0.2690728699933757  -0.15612573668850221
-144.0  0.3555918476449315   0.46361878748204155  -0.2484105798615297  0.12450040225380228
-127.0  0.48675711126764853   0.4011863414161373  -0.3417379425431664  0.09943351951606406
10.0  0.4211551977335273   0.4636833131480111  0.0019607529037357608  0.09297851613452031
-128.0  0.419104771959257   0.4318370825602985  -0.33519179866305593  -0.10832614828866895
-150.0  0.35451510121939456   0.4524100067627382  -0.13577384473458215  0.1845232287054403
-246.0  0.305746835888282   0.41835273721115973  -0.5333803444499954  0.14718715695790824
-147.0  0.4077649329265127   0.4546540766695917  -0.30800675643176606  -0.08156604324527574
-159.0  0.3445254584967286   0.47049275445417604  -0.23071532084047608  -0.0900850678514865
207.0  0.4120541359259322   0.5340692399202359  0.08426342703862838  -0.20445751282259098
249.0  0.44442259124930084   0.5091178143046158  0.11757508762682077  -0.3456663957881766
110.0  0.4469896023704935   0.5122235772193785  0.15090582485563878  -0.21300164493005988
-118.0  0.37087641948930833   0.4904741190233304  -0.1296164292146357  -0.11952681828298167
-224.0  0.36425378036571304   0.39819651788635724  -0.4478528034866901  -0.12053927640621061
-136.0  0.3654526486547524   0.4830045625628673  -0.09931439656655781  0.06618091018064651
202.0  0.4251815533028577   0.5310538863563563  0.14071375201644526  -0.3625988755530656
-211.0  0.46233839863061166   0.23361993130418687  -0.7089739613159214  0.1616189375978889
-135.0  0.3926505002622265   0.4322580651011005  -0.17376558172169712  0.02267584376200939
130.0  0.4791332726288315   0.47471379955971377  0.02768129065616579  -0.13069030386763195
-251.0  0.27235534366770064   0.40002328902272777  -0.5090642484404494  0.04184670637153095
66.0  0.44625516890245537   0.46716303864109937  -0.13950661448074544  -0.1437731412024956
-139.0  0.42459403451043104   0.44374292602242577  -0.291021968932096  0.2390581673929606
71.0  0.46967540101143873   0.5132922648286555  0.019735205370968498  -0.10570872530985789
134.0  0.39909605693546046   0.5415668644874103  0.11140426308435222  -0.07545385544681425
-141.0  0.3923598816451855   0.410528885160862  -0.23179945679280212  0.14417871909018554
-197.0  0.4000433234884125   0.3502107857301325  -0.31659254704553347  0.02854009140338693
204.0  0.4018885185781106   0.5854095805372859  0.013500099408002746  -0.243719346330826
-161.0  0.3641881335294675   0.4740377861181568  -0.24128066317946043  0.17352192010094328
151.0  0.42720773134555773   0.5076731740228214  0.1652606136961201  -0.13673837065116073
