414.0  0.61243822639125   0.6640646117494967  0.7621096097626618  0.11107117259317427
-35.0  0.575454637518535   0.5682611509505543  0.5715430807791689  0.5022292013854801
-175.0  0.47481574886997824   0.5149977600097431  0.29859688740162643  0.6763073968386276
461.0  0.5116053406114701   0.8065423342948024  0.6213440211708151  -0.03169995630513393
-254.0  0.5346938039544764   0.5632278225584926  0.6355124220696774  0.6393327297889589
293.0  0.5933726518239719   0.6160494861760779  0.8129155446808785  -0.16940642432109554
-312.0  0.5537671436281029   0.4327608629997426  -0.2623470615077508  0.554463705008962
-298.0  0.44698703535961876   0.437549352827499  -0.7994682927434775  0.6018507464231366
-287.0  0.47020278783109537   0.534645228027449  0.2667148699193472  0.8775330262782197
-390.0  0.40077476198622625   0.5286182733900328  0.13744098935947863  0.6183878916681267
348.0  0.5730703781448954   0.668725782439084  0.790608977108724  0.12656873074105865
311.0  0.6201946909544984   0.6527058908435649  0.7153763478337255  0.05521004728544199
446.0  0.4443107063080776   0.8111006635345888  0.799104971475994  -0.10675235311027123
-393.0  0.3349771213152942   0.5080870793199918  -0.5756648118855163  0.6698704890476529
388.0  0.6343623847955426   0.5992407178835352  0.5865608126922414  0.13500617214938368
-339.0  0.3604146334106201   0.5561322126297404  -0.04784268136184459  0.6375295302839041
433.0  0.5397930780782648   0.7183852682324805  0.7602040816326548  -0.14798404494496403
-306.0  0.45414973107182754   0.5365206309057093  -0.1804980065654807  0.7259754874145402
392.0  0.6061124904937637   0.664616564240976  0.8461414016204234  -0.10594479634966962
340.0  0.6078838071337015   0.6277248534676074  0.8665854814078424  -0.018989028391068242
223.0  0.5804429306335774   0.6258466663357305  0.6917689555059557  0.6108393979577869
-226.0  0.6097922620972267   0.5576758350585682  0.35964381205370355  0.7026258227768043
-426.0  0.3481675170538253   0.5070313317764588  -0.44208300812149864  0.5496076395446843
396.0  0.4461367458617623   0.7398099645881445  0.8864221549877119  0.10432657924304313
-331.0  0.45107459862302074   0.5511388851582982  0.3028830553823333  0.5343633440069628
-294.0  0.3874703710168628   0.6694130054443758  0.28775410253544315  0.7406689516477354
-399.0  0.6164906702211572   0.37723843848982397  -0.4815892418644924  0.466008228885545
-440.0  0.35455030236806456   0.38866525749431713  -0.8231586730445498  0.5501633847081662
-92.0  0.5858256981350929   0.5569171168500435  0.614797282525699  0.84723485956815
343.0  0.5161785174870185   0.7471262840969826  0.6149171193405395  -0.2747529467062057
