-437.0  0.488138645628911   0.46196983445623085  -0.2304864965383641  -0.24106918642655778
-109.0  0.44889997035436807   0.7398599766616887  -0.4071161397417257  -0.3350707485168317
449.0  0.47835443451070386   0.706235024550228  -0.18407554743362106  -0.191217074846462
-417.0  0.5556208133505797   0.39785597362808856  0.0027195439942680716  -0.014259030432553312
-443.0  0.44290086471960965   0.40927393286555575  -0.20918661304692654  -0.17866277170031086
-422.0  0.3534025394125862   0.46022749286466763  -0.18678550065394514  -0.17071023391714985
-426.0  0.5604187370504548   0.4215644322916988  -0.17652091347708893  -0.17652091347708893
497.0  0.34002801073373407   0.9370015851536566  -0.20217524159839056  -0.20217524159839056
-453.0  0.4596608362469149   0.3905271496082947  -0.2773944897237742  -0.26692866382714553
-105.0  0.4024025187166911   0.916501376897014  -0.4558258664121  -0.4943390435035263
-439.0  0.39622260237227425   0.47548100678278105  0.22523287574428058  0.2069200895300954
462.0  0.45781364192330565   0.8474358526411641  -0.41307946344261515  -0.41307946344261515
-425.0  0.4512945829770418   0.37277803527023096  0.15861030520520933  0.12613556161863604
-288.0  0.5171802125155113   0.535797917772647  -1.3221594694728893  -1.3219878388780488
-457.0  0.33824031277620237   0.3635019629258777  -0.2089317524366652  -0.21869988213418487
