-143.0  0.38760104194567563   0.4325635164397682  0.20191943895122655  0.20191943895122655
120.0  0.44298935219731655   0.5320416712018844  -0.15550252342135185  -0.15550252342135185
146.0  0.46466608931962156   0.5766791803706506  -0.7202321277509132  -0.7202321277509132
110.0  0.42817926897194686   0.5108477936541239  -0.0787392252225403  -0.08050429269069574
-15.0  0.42786584117805915   0.46056368840287776  0.15721579625742108  0.15661770376499587
10.0  0.4260727360672684   0.5042041406819483  -0.04689479079911478  -0.04959428957353196
-1.0  0.41094952597946727   0.4698826623018559  0.21846528216977612  0.19922797476455306
132.0  0.4464244079741867   0.490880705671335  -0.05989838514494048  -0.05989838514494048
102.0  0.3682111418931343   0.5771983619989732  -0.1139516998162254  -0.1139516998162254
58.0  0.4492976730451765   0.47996430200326756  -0.06134955915832261  -0.06134955915832261
57.0  0.4278820702851828   0.4988118249453305  -0.017305099801342747  -0.017305099801342747
-48.0  0.41902120397983994   0.4598428561681781  0.11441144720826807  0.11660129436010482
133.0  0.4051871192020942   0.5430273197600288  -0.14270075753521375  -0.14270075753521375
150.0  0.47352353484396476   0.5038125623612073  -0.09191899189888644  -0.09191899189888644
-89.0  0.34385828753098996   0.5548167191428509  -0.025455263215112503  -0.025455263215112503
