0.0  0.4061432721756667   0.40047289646243395  0.1297535769611603  0.1297535769611603
0.0  0.37420934973761194   0.49376184352609764  0.15005457781740403  0.15005457781740403
0.0  0.37231149253005386   0.4039091024832381  0.1629740489446263  0.1629740489446263
0.0  0.37786466136813707   0.4177540013354359  0.09785611892598714  0.09671737190800501
0.0  0.3363366390675289   0.5669229861461172  -0.04886066402510003  -0.04886066402510003
0.0  0.45829311933608047   0.46325905026208625  -0.029150471960879706  -0.029150471960879706
0.0  0.3687519316262964   0.5797005450261904  0.05194561711336387  0.048077858404425335
0.0  0.35182439295652357   0.40239066018415254  0.15233614198230833  0.15233614198230833
0.0  0.32209894620086227   0.39146268300222786  0.23090777656197262  0.23090777656197262
0.0  0.2872700594107095   0.5798745964632351  -0.36321282747553035  -0.36321282747553035
0.0  0.3690845880663052   0.5031289074600777  0.045934642210490755  0.045934642210490755
0.0  0.35058330917171915   0.6347360586186752  -0.6444004913931903  -0.6444004913931903
0.0  0.423927598883337   0.5146039116915404  -0.04052148152856963  -0.04052148152856963
0.0  0.3765115140324794   0.35929400609541606  0.2495442036846194  0.2495442036846194
0.0  0.38907785141872914   0.5143365214415019  0.13606660014190797  0.13606660014190797
