335.0  0.5265584415584428   1.1875974025974014  0.0  0.0
367.0  0.5357792207792218   1.1292857142857133  0.0  0.0
328.0  0.535952380952382   1.1554329004328994  0.0  0.0
371.0  0.5712770562770574   1.1258225108225093  0.0  0.0
328.0  0.5288961038961046   1.1094155844155833  0.0  0.0
344.0  0.5115584415584423   1.11155844155844  0.0  0.0
343.0  0.5191774891774898   1.1438528138528135  0.0  0.0
358.0  0.4680086580086586   1.1381385281385272  0.0  0.0
365.0  0.5210389610389619   1.1872727272727266  0.0  0.0
326.0  0.6049350649350661   1.2101298701298693  0.0  0.0
316.0  0.566948051948053   1.1747402597402585  0.0  0.0
340.0  0.5688961038961048   1.187077922077921  0.0  0.0
331.0  0.6169913419913428   1.1767316017316014  0.0  0.0
374.0  0.5211688311688321   1.1523376623376616  0.0  0.0
356.0  0.5123809523809534   1.1526406926406918  0.0  0.0
