0.0  0.48035353535353514   1.1561111111111124  0.0  0.0
0.0  0.47414141414141386   1.1802020202020211  0.0  0.0
0.0  0.4275252525252528   1.0972222222222234  0.0  0.0
0.0  0.5158080808080805   1.1309595959595968  0.0  0.0
0.0  0.44636363636363646   1.08878787878788  0.0  0.0
0.0  0.5276767676767672   1.1640404040404053  0.0  0.0
0.0  0.4798989898989896   1.1344444444444455  0.0  0.0
0.0  0.5547474747474741   1.1274747474747489  0.0  0.0
0.0  0.4561111111111111   1.107626262626264  0.0  0.0
0.0  0.4964141414141411   1.1297474747474758  0.0  0.0
0.0  0.5315151515151509   1.2012121212121223  0.0  0.0
0.0  0.5103535353535349   1.1103535353535365  0.0  0.0
0.0  0.48095959595959553   1.1476262626262637  0.0  0.0
0.0  0.5257575757575752   1.1772727272727281  0.0  0.0
0.0  0.5228787878787877   1.1713636363636375  0.0  0.0
