0.0  0.35345090019671593   0.46128607209615996  -0.21914685245969479  0.24969467904743975
0.0  0.5177665839955014   0.54105233656548  -0.06373300474759606  -0.046016310322495924
0.0  0.5686465470771661   0.6320420050045056  -0.008297493610513766  -0.04958198400786236
0.0  0.5557539550170909   0.5525410444371988  -0.04344096831270553  0.0126101386048589
0.0  0.41973291955817166   0.4625669739242562  -0.2528291164144813  0.04934501247811631
0.0  0.5671816005663115   0.5134218992471712  0.009481974819253202  0.054182627276168835
0.0  0.5614462397445956   0.6070884581945349  -0.06394787633968829  0.03202948076638821
0.0  0.5117489367227334   0.49863866856893646  -0.06760565359204584  0.010445950850426192
0.0  0.6066282092177753   0.3892219330352359  -0.11610742002303209  0.09254839783771687
0.0  0.5032335667704779   0.4441458646420158  -0.3437755556113554  0.10546435413201928
0.0  0.4854768171883084   0.4838958054910834  0.027104319484934702  0.07192658341165623
0.0  0.43892289645911187   0.47188518744859176  -0.21183511582555767  0.1657389120400962
0.0  0.4576486949904903   0.47529232039615693  -0.09586293533838804  0.08025828477345932
0.0  0.4372830749301994   0.5259901460642672  0.007508237953365586  0.14604877003814076
0.0  0.42883947140454076   0.4707893320050029  -0.23629381354216536  0.21885591663181478
-399.0  0.4526060237232914   0.46140736127747306  -0.142552504507141  0.19798562423028288
-426.0  0.5259047464957762   0.428137297866484  -0.15597928657230803  0.11707358736111922
110.0  0.5816182667985831   0.5899556212752081  -0.030271563667528735  -0.0754588105481885
73.0  0.5382744841892196   0.6026902877805435  -0.021992924843216365  -0.019873381502076237
-319.0  0.5840383228865174   0.5123648712015927  -0.011621928507689077  0.08573659304958538
-371.0  0.5068885555222205   0.4605570711768395  -0.12641592956591916  0.010135352690734845
18.0  0.5470776083540233   0.5768012862029335  -0.11795643588419427  -0.10145087862837857
274.0  0.6066818216483365   0.618422794404398  0.03089140617496189  0.07026978280186146
147.0  0.5921829472897158   0.5979182638538664  0.014015332821082421  -0.05094564667801105
-380.0  0.47604532790719906   0.5358405916704887  -0.053010321975680674  -0.012399891205741618
415.0  0.6314005018235698   0.6580345309082088  0.023014622445052032  -0.16670555151832767
-80.0  0.5631690423187059   0.5213018900577255  -0.13139330257946277  0.018556257004885505
-300.0  0.4211085106482758   0.5758813511987073  -0.11301694547670357  -0.028381077118038178
410.0  0.5043800496090254   0.7640795298819979  0.17572262396585758  -0.18287680708411996
-384.0  0.5250275936723849   0.5150650432753102  -0.12526466682772655  0.11460619688224301
