4.0  0.4949073737419727   0.40644696423181276  -0.022861987963719105  -0.04412874354511669
109.0  0.4601519533742317   0.46567263279659055  0.018275656542570948  -0.03917307840416442
4.0  0.4472061806314883   0.45788652861513046  -0.0027939578884133448  0.007824685064757116
-259.0  0.36215342229854053   0.34798557261204077  -0.1575726550289807  0.09839875674953408
-198.0  0.42883006400496726   0.3853150330146595  -0.0026469490965658734  0.057733825839381185
219.0  0.4393853864062797   0.5435998966881851  0.044932215741754  -0.051998001085907034
6.0  0.476936448148451   0.4296579376104836  -0.04201844500371927  0.0331798556088988
-95.0  0.4764054362819949   0.4169698004037224  0.0196442090448854  -0.0014916294646062397
28.0  0.4480241281008424   0.4609838377459826  -0.05011392691212125  -0.03194094106715999
59.0  0.45875738461789095   0.457123202672948  0.047168236544671824  -0.0076035040869375
-120.0  0.43752013399783396   0.450613016425508  0.0060463979476696105  -0.06617799069682428
-277.0  0.44769932467597473   0.3423531925188205  -0.1291781703553886  0.011825100954420105
-132.0  0.46118506994512076   0.4233505635114892  0.0031026460248237413  0.004336568574891941
-88.0  0.45983828141233507   0.414955740016942  -0.010843573471959415  0.039501674620254
-154.0  0.41012654007045257   0.4030718303562266  0.010478793360983051  -0.021833141505777663
