-216.0  0.410843805511516   0.41147831143144914  0.009678016782324357  -2.1004206265707993E-4
-39.0  0.41537784519786686   0.481325987083151  -0.001097586528959544  0.0282258743513176
176.0  0.48083281646091236   0.4841037964225944  -0.0010452444046240791  -0.02587316785965757
-183.0  0.4010971017503726   0.45838357675118535  0.058085448174730166  0.003873450891886121
-277.0  0.42372170536742804   0.3769429338654499  -0.10000357122043273  0.10503654478044659
152.0  0.38574898835900545   0.5463465932974287  0.004653464856967457  -0.06056435502212155
-188.0  0.4561559889490178   0.40402982759068745  0.03181557271135247  0.19000378208271326
-77.0  0.42165242357883814   0.4492506460918164  0.013965054685850808  0.0038062499580005815
33.0  0.3949553175452617   0.5215281086597402  -0.03290058091755362  -0.030466516657470893
-43.0  0.4025505528857857   0.46205735809382387  0.017190548007291882  -0.011996244928046676
-238.0  0.33860430047220996   0.4151634564723191  0.025520829598499505  0.06860504164230048
-52.0  0.4030947160686442   0.4936713585601042  0.046959000735378495  -0.009100995599804394
-171.0  0.3790008179505708   0.49249973488160864  0.10675767216654053  0.0673822373420926
45.0  0.39758552238733963   0.5121591973531092  0.023660953581463664  -0.08114676361830209
316.0  0.4300681234395538   0.5413814641679153  0.03807418564091836  -0.08104325201029511
-2685.0  0.43527531693421256   NaN  0.13259851551670776  0.49439599845668736
93.0  0.40146031747095734   0.5297122528486348  0.08654813037707479  -0.07845138492847606
-275.0  0.41359932404236993   0.3796036091866232  -0.0842123273665781  0.09066075609672714
35.0  0.4267007870293061   0.4924280577991867  -0.006558658255842523  0.0342164068637141
51.0  0.40534070057068605   0.5197847255002495  0.049448940660607434  0.007566751028202904
148.0  0.45452185199759365   0.4894491152341015  0.015837783042955755  -0.10266993260238072
-201.0  0.42148824436440996   0.41479728454073667  0.020706444707286737  0.03762273589289781
-251.0  0.3853833348141589   0.4477144200092074  -0.007149442653053462  0.12129537301038362
-291.0  0.39333583038222747   0.3706487937331001  -0.1629855822552092  0.21734372849130437
1.0  0.4490723890989079   0.4848706165706409  0.016676055409645923  -0.033794568916575424
39.0  0.42317156592331145   0.4881525227909137  -0.054344995182596854  -0.03539617330405596
-85.0  0.3910432080345013   0.49814233995997437  -0.004806452225405243  -0.03692066770580169
184.0  0.45516590918890576   0.47303573393662035  0.018367590879614783  -0.03700122731166417
-234.0  0.3950236414555621   0.3916306670065595  -0.0034340545921806532  0.07893183849640863
-194.0  0.3895185127628969   0.4446729657742267  0.0860822449165805  0.07517039582653484
216.0  0.43689466171356744   0.5118179345640068  -0.04161243316627802  -0.05451002469938069
-165.0  0.4103949347521376   0.4561691414321872  0.07700039620030631  0.11392650093186887
-61.0  0.44231748791882913   0.4477214652087086  0.05866549481580978  0.020178937582149482
-235.0  0.3734598186674798   0.42529044806023636  0.10601013033904642  0.09391696665200439
-271.0  0.3696553038021935   0.41950841444813186  -0.04962622035812503  0.12063066819246591
-148.0  0.3636409789598003   0.5057697579863594  0.0258342639258354  0.012739710434859323
260.0  0.41194782478308967   0.5651814113013416  0.08317046105404126  -0.09342232266616206
-78.0  0.38432109814286   0.4998772139636552  0.05579811854848893  0.054943211346614174
201.0  0.47682556934216525   0.47482692613796157  0.02604917473215897  -0.06364938818748186
285.0  0.40192616059213054   0.5714864127736007  0.04089648657230081  -0.12646795186848941
209.0  0.42040788160619447   0.5336909736675564  0.025822633370553693  -0.064409139754511
-127.0  0.4209405796894776   0.4008908580811562  0.02044396928939598  -0.01788820399520192
179.0  0.42216156193504967   0.5212387049691742  -0.03249607404214539  -0.03426188671498855
-161.0  0.40114834115225506   0.4696306487045786  0.05650084397764928  0.06040595512084236
-15.0  0.4155486636990254   0.476889828128177  -0.013998914671535823  0.035812908770594405
-232.0  0.3943624168769675   0.3967425196443605  -0.021678111668769078  0.07427811395945458
222.0  0.39870705650177307   0.5515600756541661  0.024141903171288236  -0.1492461906832398
21.0  0.388597944396465   0.5115268635036749  0.008762736894547148  -0.0859518086952944
202.0  0.4146849954412407   0.5253867356040266  0.019763263178839717  -0.051174555008040475
-127.0  0.4717399680227674   0.41268932794826396  0.030729954405820388  0.0979573591491934
223.0  0.42679601674729356   0.5234387870129456  0.0573200643817364  -0.13677455050549436
-183.0  0.36800015683058496   0.4182865357650118  0.07678602097511304  0.02183002692743456
174.0  0.4525419551243238   0.4963214165448247  0.017695593349651734  -0.09935599585745188
107.0  0.3910521010383476   0.5447746449583106  -0.025285524177899064  -0.08793499216519476
96.0  0.41280642382958305   0.5029758643124248  0.01853824369868538  -3.4210518449507486E-4
72.0  0.40422068921272397   0.5578482859403598  0.03031951821874303  -0.06784086065439648
-275.0  0.3829024335697415   0.4372418056481786  0.014630100886956427  0.1094535093606091
196.0  0.4371780139692276   0.5120590515506  0.04952529533281341  -0.10019664166013197
-261.0  0.3929877776562956   0.3782173724588054  -0.060488583691084785  0.11270871902996153
-135.0  0.3630047326537098   0.4450385121933692  0.05446936282586925  -0.003207922008894382
-18.0  0.44428573169840585   0.44183328642246306  -0.051437009673045146  -0.04245543868519408
