0.5   0.5   0.5   0.5   0.0   0.0   
0.45588235358996526   0.6695533791534198   0.45588235358996526   0.6695533791534198   1.0169491525423728   0.49152542409282535   
0.6060603825503673   1.2360675487304718   0.6060603825503673   1.2360675487304718   1.0160969907400144   0.5166106108539155   
0.5698557698878769   1.2438095355900616   0.5698557698878769   1.2438095355900616   0.9824709836869675   0.7002824845682645   
0.5848921656829889   0.7618218911655752   0.5848921656829889   0.7618218911655752   0.9999903548714524   0.7836158192090396   
0.7553891638593875   0.9750027064766598   0.7553891638593875   0.9750027064766598   0.9836109516017946   0.9002824858757055   
0.9363318955755772   1.1853375162987492   0.9363318955755772   1.1853375162987492   0.9830506918510004   1.0169491525423728   
0.8437092939215926   0.9754653395510003   0.8437092939215926   0.9754653395510003   1.0169442129418926   1.0002824858757062   
0.6727266733763391   0.7621756476514018   0.6727266733763391   0.7621756476514018   1.0169488425929556   1.0169491525423728   
1.0212098267566847   1.1374026738250083   1.0212098267566847   1.1374026738250083   1.0169395846189901   1.0169491525423728   
