0.5   0.5   0.5   0.5   0.0   0.0   
0.5036433331728618   0.17142922857011483   0.5036433331728618   0.17142922857011483   0.004806559785385039   0.8274596234551783   
0.33754741506352587   0.297504625529522   0.33754741506352587   0.297504625529522   0.5998693191452211   0.942726462926458   
0.3857939849023188   0.4463425986287162   0.3857939849023188   0.4463425986287162   0.8998825173838796   0.9998314971755958   
0.37634596720674096   0.5969962740931075   0.37634596720674096   0.5969962740931075   0.9424346754507559   0.9925877368044701   
0.3983888252311389   0.6475982198936828   0.3983888252311389   0.6475982198936828   0.9212127394456717   0.9784576373869259   
0.43288805533127994   0.7075158680716547   0.43288805533127994   0.7075158680716547   0.9570848578904243   0.9857073068700162   
0.4294835453203588   0.6929764773913425   0.4294835453203588   0.6929764773913425   0.949997058517403   0.9999460381092397   
0.45909339562971263   0.7075446102161757   0.45909339562971263   0.7075446102161757   0.9426512312579354   0.999998170052039   
0.492774176239102   0.7162743608362139   0.492774176239102   0.7162743608362139   0.9713257991277245   1.0071421256955237   
