39 2 3 3 1 7 5 2 5 0 1 2 3 3 1 1 1 2 2 2 2 4 0 3 3 1 1 1 0 0 
72 4 4 5 0 9 9 5 9 3 2 4 0 6 5 0 2 3 5 4 4 6 1 8 10 2 2 5 0 6 
98 0 8 7 0 0 11 7 11 6 4 10 2 9 10 1 7 0 9 0 8 10 2 10 15 0 3 7 2 16 
142 0 10 10 1 1 13 9 0 8 6 0 0 11 0 2 8 2 11 3 9 11 3 13 18 1 4 9 0 33 
183 1 0 11 0 3 16 0 2 10 12 1 5 15 4 4 9 4 0 4 10 13 4 15 19 0 7 10 1 43 
224 0 2 13 2 0 18 2 0 15 14 2 8 17 6 7 10 5 2 5 11 15 7 16 20 3 8 11 2 55 
261 3 4 17 0 3 19 3 2 18 15 3 10 19 7 8 0 6 4 8 13 16 0 19 24 6 10 12 0 69 
306 4 0 23 2 5 0 4 3 20 19 0 11 21 9 10 4 0 0 9 14 18 1 22 0 9 14 0 0 79 
333 6 3 26 5 6 4 5 7 22 0 1 14 22 11 11 0 3 1 12 0 21 5 0 3 10 17 0 1 99 
343 9 5 29 9 8 6 8 9 23 2 2 18 24 13 12 0 5 2 0 1 22 7 1 6 11 19 2 0 139 
