48 0 3 2 0 1 3 2 1 2 3 0 3 2 2 2 0 1 2 1 4 2 2 2 3 2 2 1 0 4 
85 4 4 5 4 0 7 3 0 4 10 1 6 5 3 3 3 0 3 3 5 0 3 5 5 4 4 2 0 14 
134 6 6 9 6 2 11 4 0 0 11 4 7 8 4 5 5 0 5 4 7 1 4 8 7 7 5 4 0 17 
152 10 8 10 9 5 13 5 2 0 12 6 9 9 7 6 0 2 7 6 13 5 5 10 0 8 7 0 0 49 
161 11 0 12 10 6 0 7 4 3 0 8 10 11 9 8 3 6 8 0 16 10 6 12 2 14 8 3 1 87 
165 16 0 14 11 8 2 10 6 4 1 9 0 0 12 10 5 7 10 4 19 13 8 13 6 16 0 4 0 133 
0 0 4 17 0 10 3 11 9 5 4 0 2 2 14 11 9 9 14 0 0 15 9 0 9 19 1 6 0 186 
4 1 5 18 2 11 5 13 0 8 6 4 3 0 17 12 10 10 15 4 1 17 11 1 10 22 2 7 0 239 
10 2 7 22 0 13 6 19 0 10 7 7 6 1 21 14 14 11 17 5 3 0 14 2 11 26 3 10 1 277 
0 6 0 0 1 15 0 21 3 11 8 10 7 2 23 15 0 14 0 7 4 3 0 5 14 30 7 11 0 331 
