32 4 2 2 2 1 2 2 2 1 5 1 4 4 5 2 1 1 1 3 0 4 1 0 3 2 0 2 1 10 
68 0 3 6 3 2 4 4 3 3 9 2 5 6 7 3 2 2 2 0 2 5 4 3 7 5 3 3 3 24 
107 2 6 8 8 6 6 6 8 4 10 4 6 0 8 0 3 3 4 2 3 6 0 6 8 6 4 4 5 37 
139 4 7 9 0 7 7 8 10 5 14 8 7 5 9 0 4 4 6 3 6 9 1 7 9 9 5 5 6 59 
168 5 8 12 2 11 9 9 13 0 16 9 11 6 12 1 6 8 8 6 7 11 2 8 10 10 10 0 7 77 
203 0 10 17 3 16 12 10 14 1 18 12 14 8 14 2 8 11 13 7 8 14 5 11 12 0 0 4 0 83 
245 5 11 19 4 0 0 0 16 2 19 14 15 12 0 0 9 12 14 9 0 17 8 13 13 3 3 6 1 98 
289 8 12 21 5 3 0 2 17 3 21 17 18 15 0 0 11 13 0 12 2 20 9 14 17 5 4 7 0 108 
312 12 16 26 0 4 0 3 18 5 22 20 19 16 1 1 15 18 4 14 4 21 0 16 18 0 5 10 1 133 
324 14 17 31 1 6 4 4 20 6 26 23 0 0 0 3 0 19 6 16 7 0 1 0 0 2 8 12 0 177 
