0.5   0.5   0.5   0.5   0.0   0.0   
0.7860092093123379   0.6925169921357133   0.7860092093123379   0.6925169921357133   1.0016465040650948   0.6016468606315563   
0.5503019773911053   0.5786026291591003   0.5503019773911053   0.5786026291591003   0.9888014967796949   0.9888017381783686   
0.4967597035962814   0.5758510021381973   0.4967597035962814   0.5758510021381973   0.9613592876769079   0.9827878878323493   
0.42577514979336567   0.5052002538146443   0.42577514979336567   0.5052002538146443   0.962025481526309   0.9834540790042943   
0.4907905771145246   0.5062785055477573   0.4907905771145246   0.5062785055477573   0.9774383927418399   0.9988669798818707   
0.4962956891506176   0.5406021343627158   0.4962956891506176   0.5406021343627158   0.9923906626683096   1.0066763847818634   
0.47249827399278205   0.5432404415765576   0.47249827399278205   0.5432404415765576   0.9924952623893359   1.0067809792781321   
0.46071455387809335   0.595859371609082   0.46071455387809335   0.595859371609082   0.9639774077199397   1.0068345507258303   
0.47323119153677107   0.5888157108604669   0.47323119153677107   0.5888157108604669   0.9998454836522436   1.0069883408136941   
