50 3 2 1 1 2 3 1 2 1 1 1 2 1 2 4 1 1 2 4 0 1 1 2 2 2 1 0 0 6 
91 5 4 2 2 5 0 5 4 3 3 3 3 3 4 7 0 0 4 9 2 3 3 4 4 4 4 1 1 12 
117 6 5 3 5 6 1 9 6 6 5 5 4 5 6 0 0 1 7 11 4 4 6 7 7 6 0 3 0 38 
132 0 8 5 7 0 2 10 8 10 8 8 5 8 8 2 0 3 9 14 5 5 9 8 8 0 2 6 2 73 
145 1 11 8 9 4 0 11 12 11 0 10 8 9 13 5 0 5 10 17 6 6 11 9 9 3 0 8 0 110 
152 5 13 12 12 8 2 0 13 0 2 12 9 0 15 10 2 9 11 18 0 8 12 12 0 5 1 0 1 153 
162 8 14 14 16 11 5 3 14 0 5 14 10 4 16 0 5 10 13 19 4 10 15 13 2 7 4 4 0 184 
174 12 16 15 18 0 7 4 18 1 7 0 16 0 17 0 0 14 17 21 5 13 19 16 3 9 5 6 0 219 
180 14 18 19 19 0 12 5 20 3 10 3 19 1 19 2 0 16 19 22 8 0 0 17 4 11 6 7 0 266 
190 0 20 20 20 2 16 7 23 6 13 4 21 5 21 7 4 17 20 0 11 3 3 19 0 13 8 8 1 298 
