37 2 1 3 1 2 1 2 2 2 0 3 3 3 2 2 3 2 1 0 3 4 4 2 6 3 5 1 0 0 
42 3 7 4 2 4 3 3 4 4 3 5 4 5 0 4 5 6 3 4 4 8 6 5 11 8 7 6 0 28 
79 6 8 6 4 5 7 5 0 5 9 10 0 8 1 0 7 0 0 0 0 9 7 10 12 10 8 8 0 45 
116 9 10 8 5 7 8 0 2 6 0 14 1 11 3 2 8 2 1 4 1 10 14 11 13 12 11 10 0 56 
158 11 12 9 7 9 10 0 3 11 1 17 4 13 0 4 10 0 3 7 4 11 17 13 16 13 12 12 1 62 
197 0 14 11 12 10 11 3 5 0 4 20 5 16 1 6 11 2 0 8 5 13 20 15 18 16 16 0 0 73 
237 1 0 16 15 11 12 4 6 3 0 0 8 19 2 7 14 6 2 10 7 15 22 16 23 18 17 1 1 81 
279 3 2 0 17 12 14 5 9 4 2 3 9 21 3 0 15 8 6 11 0 17 23 18 27 23 20 0 0 91 
313 5 6 4 19 0 17 6 10 5 3 5 14 0 6 4 16 12 7 13 1 18 27 19 28 25 0 2 0 104 
332 6 10 7 22 3 20 7 11 8 4 6 16 3 8 8 0 13 11 16 0 0 29 20 31 27 2 3 1 130 
