39 3 2 2 4 1 6 1 0 3 2 2 0 1 1 2 1 1 1 3 1 4 3 0 2 2 1 2 0 10 
83 6 3 4 5 2 9 0 0 5 6 6 3 4 2 4 2 2 4 5 3 5 5 0 0 0 3 3 0 21 
121 7 7 5 10 5 15 1 1 7 0 13 5 5 4 5 4 5 6 8 5 7 7 3 1 1 4 0 0 24 
157 8 8 9 16 10 17 0 2 9 0 18 6 9 7 0 0 7 7 11 0 0 8 4 0 3 5 0 0 42 
179 10 11 13 18 12 0 1 0 10 1 0 8 14 8 2 1 9 12 0 0 3 9 5 1 5 8 3 0 72 
183 12 16 15 19 13 1 0 0 0 3 1 14 0 9 4 2 0 15 0 1 4 11 8 4 8 11 5 0 122 
0 14 19 17 21 14 0 2 1 4 8 5 15 1 13 7 3 2 17 3 2 10 0 0 6 10 13 7 0 164 
5 16 22 18 26 16 3 4 2 8 0 0 18 3 0 8 7 0 18 4 4 13 4 3 8 12 14 0 1 206 
13 17 24 20 27 23 4 0 3 0 3 5 0 4 0 9 8 2 19 7 7 16 9 4 9 14 15 2 0 248 
0 20 28 21 0 0 5 3 7 1 7 6 5 5 1 11 10 3 22 10 13 0 10 8 10 15 16 0 0 294 
