0.5   0.5   0.5   0.5   0.0   0.0   
0.4195307449679878   0.48072777678506784   0.4195307449679878   0.48072777678506784   1.0019493465936375   0.9662353938321402   
0.2738067302864353   0.49133605702163674   0.2738067302864353   0.49133605702163674   0.981857416169796   0.767571792954767   
0.41827071158798135   0.3937185483761331   0.41827071158798135   0.3937185483761331   0.869159941144127   0.9620171229545332   
0.3815243178322019   0.42264938543138647   0.3815243178322019   0.42264938543138647   0.8764128746907701   0.9692700436717007   
0.4078980778181212   0.454268514223905   0.4078980778181212   0.454268514223905   0.8340163863043818   0.9768735396296332   
0.4092926244107868   0.39784273805454407   0.4092926244107868   0.39784273805454407   0.806312304710111   0.9920266008925053   
0.4473146005541686   0.5189818222213791   0.4473146005541686   0.5189818222213791   0.9708031965644088   0.9922317810083907   
0.4343725217383219   0.5554156754804416   0.4343725217383219   0.5554156754804416   0.978306114638521   0.9925918393551569   
0.4474421097249835   0.5679117889513853   0.4474421097249835   0.5679117889513853   0.9498403738202402   0.9998403816294866   
