0.5   0.5   0.5   0.5   0.0   0.0   
0.111644620075307   0.021428848843048375   0.111644620075307   0.021428848843048375   0.007157127256880885   0.9678203950708605   
0.4689715200027037   0.1918527831823291   0.4689715200027037   0.1918527831823291   0.5714021099464139   0.9856878253290086   
0.5248506311667446   0.43271833571356255   0.5248506311667446   0.43271833571356255   0.7926299350339256   0.9567115680585901   
0.5250644666616106   0.42931251797868597   0.5250644666616106   0.42931251797868597   0.8425359379639925   0.9926379789665191   
0.5050941534952519   0.4477165931364939   0.5050941534952519   0.4477165931364939   0.8782065180237741   0.9927473344435376   
0.4928840263483325   0.4094038125872599   0.4928840263483325   0.4094038125872599   0.9069350401057619   0.992802387044803   
0.45776401219592017   0.3213846471970095   0.45776401219592017   0.3213846471970095   0.8141818200741586   0.9999981466241611   
0.4246274630696199   0.3454361144729338   0.4246274630696199   0.3454361144729338   0.8286220662885354   1.007193494897815   
0.40987281134371834   0.4612409609785407   0.40987281134371834   0.4612409609785407   0.9857653008974162   1.0071938723449796   
