39 1 2 0 1 2 5 1 0 2 4 5 1 0 3 0 2 2 4 3 3 2 2 2 3 3 2 1 1 4 
80 5 4 1 4 0 7 2 0 3 6 6 0 2 0 0 4 3 7 7 4 0 3 4 5 6 0 0 2 24 
96 7 6 3 6 2 9 3 0 6 8 9 0 4 1 2 8 4 8 11 9 4 7 5 7 9 1 0 0 52 
139 10 7 5 8 4 0 5 0 0 9 10 4 6 3 3 10 0 10 12 0 7 8 6 0 10 5 1 0 70 
172 12 10 7 10 6 2 6 3 0 11 11 6 7 5 4 12 4 12 14 2 11 13 8 1 11 8 2 0 82 
221 13 12 9 0 0 0 7 4 2 13 13 7 10 8 0 13 7 0 17 5 0 17 11 3 0 0 3 1 92 
259 15 13 13 1 4 5 0 0 4 14 0 10 11 10 4 15 8 1 19 7 0 19 16 4 1 2 0 2 104 
301 18 16 0 0 7 8 2 1 7 17 2 12 12 11 5 18 12 2 0 0 2 23 18 5 2 5 0 3 112 
344 20 20 2 3 8 9 0 4 10 19 3 15 15 13 0 20 0 3 1 1 0 25 20 6 6 9 1 0 120 
389 22 22 0 4 9 11 2 5 11 20 5 18 16 14 1 0 2 7 2 4 5 0 22 7 8 13 6 0 125 
