0.5   0.5   0.5   0.5   0.0   0.0   
0.2000002388885315   0.11666743333179998   0.2000002388885315   0.11666743333179998   0.0   0.8657957507169366   
0.6938036116293183   0.3396233692891429   0.6938036116293183   0.3396233692891429   0.7285171074340543   0.9658192887445461   
0.6952797644777593   0.4732936205887614   0.6952797644777593   0.4732936205887614   0.9830045510934338   0.9158235299746545   
0.6844940171295117   0.51185890915516   0.6844940171295117   0.51185890915516   0.9827499189571605   0.931656935394494   
0.6401921133452978   0.48982549709544776   0.6401921133452978   0.48982549709544776   0.9833147389613757   0.9155459863661631   
0.6178227484095599   0.5500001904152794   0.6178227484095599   0.5500001904152794   1.016657254371005   0.9666666679719529   
0.5928056780110569   0.5408557042834984   0.5928056780110569   0.5408557042834984   0.8666712204425118   0.9830556340006347   
0.564844882187839   0.5075819570776097   0.564844882187839   0.5075819570776097   0.9669491524773162   1.0002824858742714   
0.54206123387285   0.5489349709107265   0.54206123387285   0.5489349709107265   1.000282485832464   1.016948998219599   
