43 1 1 2 2 3 1 1 1 0 2 0 3 4 2 3 3 2 0 2 0 2 2 3 4 0 2 0 1 10 
52 3 3 0 3 5 5 3 4 2 6 1 4 5 3 6 6 6 4 0 2 0 6 6 7 0 4 0 2 46 
82 6 4 2 6 9 7 4 7 4 7 5 5 6 5 7 0 9 0 1 5 3 11 9 0 0 6 0 0 65 
122 8 5 3 0 11 10 6 10 0 9 7 6 10 9 8 2 13 3 2 6 5 13 11 1 1 8 3 0 73 
170 11 7 4 1 12 12 8 12 0 0 8 8 11 12 12 3 17 5 5 10 0 0 13 0 3 11 5 0 77 
220 16 8 0 2 15 15 10 14 1 1 0 10 0 15 13 5 18 8 7 15 0 2 0 2 4 0 6 0 83 
253 18 13 5 5 16 19 13 18 5 0 1 0 1 23 15 8 21 10 0 20 2 5 1 5 5 0 7 0 0 
303 21 15 6 6 17 21 16 21 0 4 4 3 4 24 0 9 23 13 3 21 3 7 0 0 6 2 10 0 1 
346 22 16 10 9 22 22 19 23 3 6 6 7 0 27 2 10 24 0 4 26 5 10 0 0 7 3 0 0 7 
396 24 18 12 13 0 25 20 24 6 7 0 12 1 30 0 13 26 1 6 0 6 14 2 5 9 0 0 0 0 
