0.5   0.5   0.5   0.5   0.0   0.0   
0.4933646238652832   0.3904761965079617   0.4933646238652832   0.3904761965079617   1.0067343294460642   0.6320233236151603   
0.5696053620057165   0.33082814286828705   0.5696053620057165   0.33082814286828705   0.7192685860058309   0.9856122448979593   
0.5456202088661606   0.5740985507786707   0.5456202088661606   0.5740985507786707   0.6612004373177842   1.0071428571428571   
0.4320947800641787   0.5630441542482993   0.4320947800641787   0.5630441542482993   0.861981778425656   1.0071938775510205   
0.4771709228572165   0.7567893492568333   0.4771709228572165   0.7567893492568333   0.9274460641399417   1.0071938775510205   
0.542319857817953   0.9177989948307876   0.542319857817953   0.9177989948307876   0.9850484693877551   1.0071938775510205   
0.4779484306785212   0.8756320482468414   0.4779484306785212   0.8756320482468414   0.9926013119533528   1.0071938775510205   
0.4256198646152695   0.7802222837624394   0.4256198646152695   0.7802222837624394   0.9927543731778427   1.0071938775510205   
0.5319029910197914   0.9808119109656502   0.5319029910197914   0.9808119109656502   0.9714282069970845   1.0071938775510205   
