0.5   0.5   0.5   0.5   0.0   0.0   
0.4910389614340809   0.5386936201436777   0.4910389614340809   0.5386936201436777   1.0071909594960433   0.9259430237401083   
1.1405400759268478   0.6036018641270643   1.1405400759268478   0.6036018641270643   0.6765662041857559   1.007040087463557   
0.994658223781337   0.5059815884465598   0.994658223781337   0.5059815884465598   0.6690085745522699   1.0071938775510205   
0.6277125081534777   0.4302609602105287   0.6277125081534777   0.4302609602105287   0.834728441274469   1.007194241982507   
0.6088753768482453   0.5253330627606358   0.6088753768482453   0.5253330627606358   0.9066246147438567   1.007194241982507   
0.6446475573323511   0.5911679827629298   0.6446475573323511   0.5911679827629298   0.9070360604956268   1.007194241982507   
0.5663075875144968   0.5201572422835687   0.5663075875144968   0.5201572422835687   0.9713757236568098   1.007194241982507   
0.49275725936515125   0.4608299141498306   0.49275725936515125   0.4608299141498306   0.9785196740941273   1.007194241982507   
0.6006998450754155   0.5846201298930495   0.6006998450754155   0.5846201298930495   0.9855102014785505   1.007194241982507   
