0.5   0.5   0.5   0.5   0.0   0.0   
0.33509136715491905   0.10000079999839998   0.33509136715491905   0.10000079999839998   0.0   0.8980182765974213   
0.5781455848572797   0.41421572052328975   0.5781455848572797   0.41421572052328975   0.576591254752065   0.9136016164690958   
0.620822343946934   0.47667435635568284   0.620822343946934   0.47667435635568284   0.8822175012641925   0.9130321732027707   
0.5489733655753662   0.48291038426988925   0.5489733655753662   0.48291038426988925   0.9166618749774881   0.9316476824820541   
0.5397105287336161   0.48720696617768694   0.5397105287336161   0.48720696617768694   0.933606476316378   0.9488654294406572   
0.5456892226709896   0.46665671556759014   0.5456892226709896   0.46665671556759014   0.9330601825706586   0.9163796296299922   
0.490843602303503   0.5010407247225743   0.490843602303503   0.5010407247225743   0.9502407420056785   0.9999952932316668   
0.5349003889340852   0.4891864661982966   0.5349003889340852   0.4891864661982966   0.9669352636534659   1.0161111895794095   
0.5056190354138693   0.49045658707013984   0.5056190354138693   0.49045658707013984   1.0000000784682868   1.0169491524995056   
