48 1 4 1 2 1 0 1 4 1 1 2 4 2 2 3 1 2 1 1 0 1 0 2 0 1 2 1 1 10 
58 3 6 2 5 4 4 4 7 0 4 3 5 4 0 6 2 6 2 0 3 2 2 3 1 0 6 0 2 50 
82 4 8 3 7 5 6 5 10 2 6 5 8 7 0 7 6 8 5 1 5 3 3 0 2 1 0 1 3 82 
96 5 9 6 9 9 7 9 12 6 7 7 9 10 0 10 0 9 8 2 6 8 5 5 4 0 0 6 0 111 
123 6 0 7 10 12 11 0 0 8 0 10 10 0 3 14 2 10 10 3 9 10 6 7 7 0 1 8 1 140 
150 7 2 8 11 19 17 2 4 10 1 12 12 3 6 16 0 0 12 5 11 11 7 10 8 2 4 10 0 155 
181 8 3 10 13 20 20 0 5 14 0 0 14 4 7 17 1 2 13 6 0 12 10 13 10 3 7 16 0 180 
204 9 6 0 14 22 0 0 10 17 4 2 18 5 9 18 3 3 16 8 1 0 0 15 11 0 10 18 1 210 
211 12 0 1 18 25 1 0 13 19 7 4 20 0 11 0 5 0 18 10 0 3 3 17 14 0 13 19 0 256 
222 14 1 4 20 0 2 1 16 20 8 7 22 3 12 2 9 1 20 11 2 4 4 0 18 1 16 21 1 296 
