37 3 1 2 3 2 2 2 1 1 3 3 3 0 1 3 3 3 0 6 2 3 4 4 1 2 2 1 2 0 
42 5 3 5 0 0 3 4 4 3 4 8 6 5 4 4 8 6 3 8 5 5 6 6 2 5 4 6 6 25 
76 8 7 9 3 3 0 0 5 4 6 9 7 7 5 8 10 0 5 11 7 7 7 9 5 7 0 7 0 40 
118 0 9 11 0 4 4 1 7 5 8 11 8 9 8 11 14 4 6 14 0 8 8 10 6 11 1 0 2 49 
170 0 11 12 3 0 5 0 11 6 10 13 11 0 9 12 0 5 9 16 1 9 11 0 8 16 2 0 3 56 
220 1 13 13 10 3 7 1 13 0 12 0 0 2 12 14 0 6 0 17 2 11 15 0 0 17 3 1 0 66 
255 3 14 18 14 0 9 3 15 1 0 2 0 4 13 16 3 9 3 0 3 13 0 1 1 21 0 0 0 87 
265 4 15 19 15 2 10 4 18 3 3 5 2 7 15 21 6 11 4 2 6 14 1 0 3 0 0 1 3 127 
276 0 17 21 17 5 11 5 19 6 0 0 3 10 18 22 0 13 5 5 8 16 0 1 8 0 1 0 0 176 
285 0 18 23 22 9 14 6 21 0 3 0 6 12 19 24 1 15 6 7 9 18 1 0 12 2 3 0 1 219 
