44 1 1 2 2 2 1 1 0 4 1 0 2 3 1 2 0 2 5 3 4 3 1 1 0 1 1 4 0 8 
53 5 3 3 5 5 3 5 4 5 0 3 3 5 0 4 2 4 6 7 5 6 3 0 0 3 0 5 0 49 
92 7 4 7 6 0 5 7 5 7 2 7 5 7 2 8 4 5 10 8 6 8 6 2 1 0 0 8 0 59 
146 10 5 10 7 1 6 8 0 8 4 10 6 8 4 0 5 7 12 10 10 9 9 0 2 2 2 10 0 62 
190 11 7 11 9 3 0 0 1 11 6 0 8 10 6 0 0 9 15 0 11 10 0 1 0 4 8 12 1 79 
196 18 8 13 11 4 0 2 6 13 0 1 11 12 9 2 2 11 16 2 0 12 1 2 3 7 9 14 0 120 
197 20 12 14 16 5 1 4 8 14 1 3 14 16 0 3 4 0 18 0 1 14 4 5 9 9 11 15 0 165 
201 24 15 17 20 7 2 5 0 17 0 5 15 17 2 4 6 2 21 1 6 0 6 7 13 0 12 18 0 208 
211 25 0 18 22 12 0 7 5 18 0 8 17 18 4 6 7 3 23 0 8 2 9 0 15 2 0 19 0 255 
212 27 1 19 24 16 4 10 6 19 1 0 0 22 7 8 9 0 25 2 10 5 10 1 17 5 2 20 0 304 
