0.5   0.5   0.5   0.5   0.0   0.0   
0.35417487062929315   0.3231292735341728   0.35417487062929315   0.3231292735341728   1.0018491279725878   0.5661351779629201   
0.2996411405849307   0.31994951498917035   0.2996411405849307   0.31994951498917035   1.0030374036387375   0.9530375280288728   
0.2803501873121946   0.4403322645184151   0.2803501873121946   0.4403322645184151   0.9537597768355892   0.9680455564400696   
0.2739411439487824   0.4158369103093869   0.2739411439487824   0.4158369103093869   0.8833545472626324   0.9904974488995991   
0.3250431920765156   0.40180696540298566   0.3250431920765156   0.40180696540298566   0.9415225734954613   0.9915225946919866   
0.349512425914569   0.426542179716196   0.349512425914569   0.426542179716196   0.9846384808577474   0.9989242008330556   
0.39371946936114005   0.4468767162781927   0.39371946936114005   0.4468767162781927   0.9632117242055476   1.006068880133881   
0.39795415982156584   0.48918663386007566   0.39795415982156584   0.48918663386007566   0.9989282095436957   1.0060710667237398   
0.40358726774336845   0.5122623127147256   0.40358726774336845   0.5122623127147256   1.006071795475428   1.0060717956055818   
