0.5   0.5   0.5   0.5   0.0   0.0   
0.5053289600704436   0.4734039647612783   0.5053289600704436   0.4734039647612783   1.0169444444444444   0.49652314814814813   
0.8314840330561037   0.8177728679100514   0.8314840330561037   0.8177728679100514   0.9833287037037036   1.000138888888889   
0.7887934792601867   0.9545356062875172   0.7887934792601867   0.9545356062875172   0.8947175925925925   1.0168333333333333   
0.6576234211757688   0.6338876620163236   0.6576234211757688   0.6338876620163236   0.9460925925925926   1.016888888888889   
0.8495841271041397   0.768238996332576   0.8495841271041397   0.768238996332576   0.9824907407407407   1.016912037037037   
0.954550208919212   0.8659880085008188   0.954550208919212   0.8659880085008188   0.9830462962962963   1.0169398148148148   
0.7823951669879743   0.6849669068805352   0.7823951669879743   0.6849669068805352   1.016662037037037   1.0169398148148148   
0.6351466786327052   0.536076659278999   0.6351466786327052   0.536076659278999   0.966662037037037   1.0169398148148148   
1.0251464453748407   0.8176381982615466   1.0251464453748407   0.8176381982615466   0.9836111111111111   1.0169444444444444   
