0.5   0.5   0.5   0.5   0.0   0.0   
0.28003401752173124   0.34372917327829766   0.28003401752173124   0.34372917327829766   1.0016468684969735   0.980218653318774   
0.263289616048887   0.41653465453648936   0.263289616048887   0.41653465453648936   1.0028876197327983   0.7386020303764288   
0.37802053271178604   0.48651787827223947   0.37802053271178604   0.48651787827223947   0.9539609666466262   0.9896752732785354   
0.4958351099355438   0.4996269726997986   0.4958351099355438   0.4996269726997986   0.9831468290875731   0.9902897204051789   
0.4915990961508396   0.5170978446780704   0.4915990961508396   0.5170978446780704   0.9557051590820176   0.9914194632409989   
0.46808738795388455   0.4843555681169771   0.46808738795388455   0.4843555681169771   0.9706577831009621   0.9778006585769542   
0.4533728295763252   0.463244807527274   0.4533728295763252   0.463244807527274   0.9994872448218521   0.9994872475179014   
0.45217383536582884   0.509163225790944   0.45217383536582884   0.509163225790944   0.9496920475462194   1.0068349151385916   
0.4398407434641266   0.4995966058758675   0.4398407434641266   0.4995966058758675   0.999845840292812   1.0069887052263218   
