0.5   0.5   0.5   0.5   0.0   0.0   
0.4310329300059114   0.4640244626575489   0.4310329300059114   0.4640244626575489   1.0169491525423728   0.6581920904015471   
1.0301562974273957   0.8838824291332066   1.0301562974273957   0.8838824291332066   0.8669349498456669   0.9752768435142319   
0.7987813472592155   1.0270952645961642   0.7987813472592155   1.0270952645961642   0.9997078497281161   1.0116713747428043   
0.5138024546885451   0.6717611229478678   0.5138024546885451   0.6717611229478678   0.9833331725811909   1.013060263653484   
0.6284749245171937   0.8639962601324502   0.6284749245171937   0.8639962601324502   0.9663935158600299   1.0150047080979285   
0.7505574685530616   1.00905513528413   0.7505574685530616   1.00905513528413   0.9663841781975167   1.0169491525423728   
0.6427650730821594   0.8395463753714874   0.6427650730821594   0.8395463753714874   0.9669490702156982   1.0166713747645952   
0.4932792554379652   0.628603308873626   0.4932792554379652   0.628603308873626   0.9669491473765492   1.0169491525423728   
0.7149894404173488   1.0029754298870053   0.7149894404173488   1.0029754298870053   0.9669489930769831   1.0169491525423728   
