0.5   0.5   0.5   0.5   0.0   0.0   
0.033334266664799966   0.48333336666660004   0.033334266664799966   0.48333336666660004   0.0   0.8325   
0.5130174548566108   0.6573770563494169   0.5130174548566108   0.6573770563494169   0.6463888888888889   0.9494444444444444   
0.4353800062404784   0.6023635160949598   0.4353800062404784   0.6023635160949598   0.8825000000000001   0.9327777777777778   
0.3808073457484168   0.5464415632929244   0.3808073457484168   0.5464415632929244   0.9991666666666668   0.8494444444444444   
0.47155977626539575   0.554169322186223   0.47155977626539575   0.554169322186223   1.0   0.9494444444444444   
0.48534410624681806   0.5704090410961214   0.48534410624681806   0.5704090410961214   1.0166666666666666   0.9666666666666667   
0.5529241864461594   0.5423325223764851   0.5529241864461594   0.5423325223764851   0.9819444444444444   0.9997222222222223   
0.5111103686854837   0.5579403571307497   0.5111103686854837   0.5579403571307497   0.9819444444444444   1.0   
0.5393630956853407   0.5531448020023529   0.5393630956853407   0.5531448020023529   0.9819444444444444   0.9830555555555556   
