0.5   0.5   0.5   0.5   0.0   0.0   
0.4727273680824454   0.033334266664799966   0.4727273680824454   0.033334266664799966   0.0   0.95   
0.4672890125369139   0.3752982165552455   0.4672890125369139   0.3752982165552455   0.7833333333333333   0.9666666666666667   
0.46844006512072783   0.6514993695312892   0.46844006512072783   0.6514993695312892   0.95   0.9666666666666667   
0.5083753827015958   0.6147749393912495   0.5083753827015958   0.6147749393912495   0.95   0.9666666666666667   
0.561753344349484   0.6005841255112983   0.561753344349484   0.6005841255112983   1.0   0.9666666666666667   
0.5531248595831002   0.569618831738289   0.5531248595831002   0.569618831738289   1.0   1.0   
0.5224449408089159   0.5083022512716402   0.5224449408089159   0.5083022512716402   0.9166666666666666   0.9833333333333333   
0.5488785567916026   0.48455512192806816   0.5488785567916026   0.48455512192806816   0.9166666666666666   1.0   
0.5452702238985262   0.4864299416309466   0.5452702238985262   0.4864299416309466   0.9166666666666666   0.9833333333333333   
