0.5   0.5   0.5   0.5   0.0   0.0   
0.5440340096295307   0.4761904766439909   0.5440340096295307   0.4761904766439909   1.0169491525423728   0.49152544556952005   
0.9175844037445908   0.8888326596439844   0.9175844037445908   0.8888326596439844   0.965819444400869   0.9966366512349251   
0.8527308048711039   1.0078699358902865   0.8527308048711039   1.0078699358902865   0.9482590212180516   1.0169490740958709   
0.5924393272043389   0.7845527792845269   0.5924393272043389   0.7845527792845269   0.9994212922871474   1.0169491525423728   
0.7820031132464658   1.0238958505186624   0.7820031132464658   1.0238958505186624   1.0166570961076697   1.0169491525423313   
0.9481959584596381   1.25796695957074   0.9481959584596381   1.25796695957074   0.983041511060022   1.0169491525423668   
0.7805035156864346   1.0299888911917   0.7805035156864346   1.0299888911917   1.0166527765135485   1.0169491525423728   
0.64106142804692   0.8115522781092476   0.64106142804692   0.8115522781092476   1.01693055557734   1.0169491525423728   
0.9552642458260748   1.2312833575773872   0.9552642458260748   1.2312833575773872   1.0163750771394116   1.0169491525423728   
