0.5   0.5   0.5   0.5   0.0   0.0   
0.28175116810208944   9.999980000040017E-7   0.28175116810208944   9.999980000040017E-7   1.0019978159633238   0.49485530992045557   
0.36659454366617267   0.42928272511476734   0.36659454366617267   0.42928272511476734   0.9962953924979465   0.9962955460611943   
0.38417778439209077   0.47153456155339435   0.38417778439209077   0.47153456155339435   0.9681909047495897   0.9396195282026152   
0.40452130042245066   0.52898441833956   0.40452130042245066   0.52898441833956   0.9550313149589438   0.9693170553126657   
0.3720971805776108   0.5473653432653286   0.3720971805776108   0.5473653432653286   0.9489125233283754   0.9846268220952583   
0.33344762931806793   0.5876219134506534   0.33344762931806793   0.5876219134506534   0.9709056148066655   0.9923341862724239   
0.36530909514324394   0.5967086230946693   0.36530909514324394   0.5967086230946693   0.985454810382202   0.999740527382559   
0.37974484318428764   0.6346951358637343   0.37974484318428764   0.6346951358637343   1.0070892803949663   1.0070892856940976   
0.41277829995397763   0.6448446999471716   0.41277829995397763   0.6448446999471716   1.0071421256382864   1.0071421282971487   
