45 2 0 1 2 4 0 0 2 4 2 3 1 6 1 2 3 2 2 1 1 0 1 3 1 1 2 2 0 6 
52 3 1 3 3 5 2 1 4 8 0 6 2 8 2 4 7 3 7 3 0 1 4 6 2 5 3 4 2 46 
0 0 3 5 0 6 4 2 6 0 4 0 3 10 4 9 9 8 0 0 1 0 6 8 3 0 8 6 0 102 
1 1 5 6 3 7 7 3 7 3 6 2 6 11 7 14 11 11 1 3 4 3 7 10 5 1 10 0 0 146 
6 4 0 10 5 8 0 6 9 5 0 4 11 14 8 15 12 0 0 5 7 4 8 12 8 2 14 0 0 194 
11 5 0 13 7 11 2 9 0 6 4 8 16 17 10 0 15 3 2 7 10 6 0 0 11 0 16 0 1 235 
0 6 3 14 8 0 4 12 2 7 0 11 18 18 13 1 16 6 3 8 12 0 0 1 14 2 18 2 0 293 
0 8 0 17 0 2 7 13 0 9 3 15 21 0 0 2 19 9 0 10 13 2 5 2 15 6 19 5 0 343 
9 9 0 19 3 4 8 15 2 10 7 16 22 0 2 0 20 10 4 12 15 3 6 4 18 0 21 6 1 391 
0 13 2 20 5 7 12 18 3 11 8 21 24 3 3 3 21 12 5 15 16 0 7 5 19 0 24 7 0 440 
