0.5   0.5   0.5   0.5   0.0   0.0   
0.3792207953010602   0.447181171050272   0.3792207953010602   0.447181171050272   1.0015932967891048   0.6230222145019636   
0.5726223848178478   0.3260195864103449   0.5726223848178478   0.3260195864103449   0.9744127915521599   0.9101271839742164   
0.5659406559736334   0.37757324269516684   0.5659406559736334   0.37757324269516684   0.9036512025023358   0.9750798052608591   
0.483558551977087   0.3365519338025425   0.483558551977087   0.3365519338025425   0.8542208168587915   0.9685065544420902   
0.4675117572612773   0.3290131315072638   0.4675117572612773   0.3290131315072638   0.9687685781544421   1.0044828689819247   
0.43533485474004263   0.3342533772013708   0.43533485474004263   0.3342533772013708   0.9768301723004928   1.0054016060408988   
0.4196212151412727   0.39029795751130786   0.4196212151412727   0.39029795751130786   0.9768308959408444   0.9982594751786621   
0.43633065479864774   0.3569295333904243   0.43633065479864774   0.3569295333904243   0.9696894912637264   1.0054037926894719   
0.39894542151335616   0.366588017369439   0.39894542151335616   0.366588017369439   0.9911206215596741   1.0054063436918215   
