42 2 0 0 0 3 2 3 1 2 2 1 5 5 0 2 3 0 1 3 0 2 2 3 1 3 1 3 0 8 
87 0 2 1 1 5 4 4 3 3 3 3 0 7 5 4 4 1 4 0 1 4 3 5 4 6 3 0 1 19 
127 2 0 4 4 8 6 7 8 4 4 6 2 8 7 5 8 2 5 2 3 0 5 6 6 7 5 1 0 28 
167 3 1 7 5 11 10 9 12 0 6 0 3 10 8 6 9 0 7 0 4 1 8 8 8 9 8 3 1 42 
182 4 3 8 7 15 11 11 13 4 9 2 7 11 9 0 10 3 8 2 5 6 0 10 10 10 0 5 2 77 
192 6 5 12 8 16 12 14 14 6 11 0 0 14 13 0 12 5 9 0 8 7 4 13 0 13 1 6 3 119 
204 8 6 13 0 17 13 15 18 8 14 2 2 0 14 0 17 7 10 2 9 8 6 17 2 0 3 7 4 162 
214 12 0 15 2 18 16 20 21 0 18 3 0 0 16 0 0 9 0 0 12 11 7 0 5 2 6 9 0 206 
222 15 1 0 6 22 17 21 0 1 20 0 0 0 17 0 1 10 2 4 14 15 8 4 8 6 8 10 0 251 
230 18 5 2 0 0 19 0 2 2 21 1 0 1 19 2 4 11 4 5 20 16 11 6 9 0 11 12 0 297 
