0.5   0.5   0.5   0.5   0.0   0.0   
0.3333333555555526   0.4257830728249819   0.3333333555555526   0.4257830728249819   1.0169491525205763   0.47485878019975997   
0.7379892757667981   0.8689044346095608   0.7379892757667981   0.8689044346095608   0.9661156635588135   1.000277778420782   
0.6628375626812476   0.9528186984641267   0.6628375626812476   0.9528186984641267   0.8991569199888546   1.0169491520061729   
0.4143745268297025   0.7092528781172324   0.4143745268297025   0.7092528781172324   0.8824858615397806   1.0169491522633745   
0.5949573068640455   0.8927454745415999   0.5949573068640455   0.8927454745415999   0.9333239930126886   1.0169167449631344   
0.6694656255462731   1.1187295810563767   0.6694656255462731   1.1187295810563767   1.0002730696587792   1.016944522869513   
0.680131627396469   0.9261317488639353   0.680131627396469   0.9261317488639353   1.0169352623242456   1.0169491524991428   
0.6030759123777547   0.7563128607668939   0.6030759123777547   0.7563128607668939   1.0169396604723937   1.0169491524991428   
0.9262803118188595   1.1760501833767505   0.9262803118188595   1.1760501833767505   0.9836064056069959   1.0169491525205763   
