33 4 4 4 2 1 0 1 1 5 2 2 1 5 3 5 5 0 2 1 2 2 2 1 1 2 4 1 4 0 
69 7 5 10 0 3 0 3 5 9 4 4 3 8 7 9 7 2 3 2 3 3 5 3 3 5 5 5 5 1 
98 8 7 11 2 6 4 5 6 10 0 5 6 14 9 13 0 4 0 0 5 4 6 4 6 0 6 6 0 27 
127 10 8 12 4 0 5 6 9 11 3 7 8 16 0 18 1 5 3 0 7 0 7 8 9 1 9 10 0 49 
165 12 9 15 7 2 6 8 0 14 6 8 10 19 2 20 4 8 4 4 8 4 8 10 10 2 12 13 0 54 
216 14 0 18 10 4 9 0 4 0 9 9 11 20 3 21 6 9 5 5 9 6 10 15 11 3 14 14 0 58 
243 17 4 23 11 0 12 1 5 1 12 12 14 0 0 0 7 0 9 7 0 8 12 17 13 5 16 15 2 81 
258 18 5 24 12 2 14 3 7 4 15 17 16 1 2 3 8 2 10 9 4 0 15 18 14 7 17 0 0 117 
270 0 7 26 14 0 0 4 8 7 18 18 19 2 3 4 0 4 12 10 5 0 21 0 17 10 20 4 0 159 
274 0 0 30 0 2 1 6 11 9 0 19 20 5 7 0 2 7 17 14 7 3 23 2 0 14 0 6 0 203 
