0.5   0.5   0.5   0.5   0.0   0.0   
0.6714300789877002   0.5971861284835407   0.6714300789877002   0.5971861284835407   1.001492349546671   0.5157784167173448   
0.5252778459726899   0.4689589720865865   0.5252778459726899   0.4689589720865865   0.9959440988209013   0.695944236654096   
0.517703324769713   0.44715229879567686   0.517703324769713   0.44715229879567686   0.9467637779929191   0.6967638405040754   
0.47172815130265794   0.4803295666208398   0.47172815130265794   0.4803295666208398   0.9627357608375535   0.9127357871472758   
0.45698119335220483   0.45953485500359564   0.45698119335220483   0.45953485500359564   0.9628954002017975   0.9986096964585658   
0.4499285820772571   0.5038499309800499   0.4499285820772571   0.5038499309800499   1.005962091276131   1.0059621017256462   
0.44714966387629446   0.5443119226457568   0.44714966387629446   0.5443119226457568   1.0063735421782896   1.0063735422898503   
0.4339064338508011   0.5624521863510195   0.4339064338508011   0.5624521863510195   1.0067824343995424   1.006782437021218   
0.4386310329384704   0.5757591218917153   0.4386310329384704   0.5757591218917153   1.0069362271086832   1.0069362271086832   
