43 1 2 1 2 2 2 0 4 3 0 3 5 0 3 0 4 2 1 0 2 4 2 1 2 0 1 2 1 7 
79 2 4 2 0 5 3 0 7 5 3 5 8 2 5 3 6 4 7 2 0 5 0 3 5 2 2 4 3 18 
116 3 6 3 3 0 4 3 13 0 5 6 9 4 7 5 10 5 10 5 1 7 2 5 6 3 6 0 0 30 
137 4 7 6 4 2 6 5 14 2 9 0 13 7 8 7 0 6 12 6 4 10 4 8 9 5 7 2 0 57 
159 5 8 8 0 3 0 7 0 6 11 3 17 8 0 8 5 8 13 8 6 14 5 10 10 9 12 4 0 82 
165 8 10 9 3 5 0 11 1 0 13 5 19 11 2 10 6 12 0 9 7 15 8 14 12 10 0 6 0 127 
0 9 14 10 6 6 3 12 5 3 15 0 22 16 4 15 7 16 2 12 8 17 0 16 14 12 0 7 0 169 
0 13 19 11 8 0 5 14 7 5 16 0 24 17 0 16 8 17 3 14 10 18 0 19 15 13 1 12 0 225 
4 18 20 12 9 0 8 16 9 7 20 3 26 0 1 19 10 21 8 16 13 19 3 20 0 18 2 14 0 262 
0 19 22 13 10 6 11 20 12 8 21 5 0 4 2 23 12 22 10 17 16 20 6 24 2 0 3 16 0 306 
