0.5   0.5   0.5   0.5   0.0   0.0   
0.2872768905351985   0.02857237142668568   0.2872768905351985   0.02857237142668568   0.006389303954490648   0.956593388087829   
0.2340858683160815   0.25846727943962483   0.2340858683160815   0.25846727943962483   0.7000191263312217   0.992825249858621   
0.29293802419329334   0.42260562714473787   0.29293802419329334   0.42260562714473787   0.8996664092894365   0.9856357974716565   
0.42289351582648754   0.5192207225551685   0.42289351582648754   0.5192207225551685   0.9214605238508329   0.9853890956701321   
0.41574752641474744   0.5659330058506675   0.41574752641474744   0.5659330058506675   0.9784557889374388   0.9924864014804959   
0.4408934596744038   0.5953064573459855   0.4408934596744038   0.5953064573459855   0.9927925523400016   1.0069762260329091   
0.4706545233507631   0.6130724863683779   0.4706545233507631   0.6130724863683779   0.9784616769423725   0.999890248854639   
0.45843358862907824   0.6382173112640341   0.45843358862907824   0.6382173112640341   0.9640276651099076   1.0071399104727028   
0.4831460718840888   0.6441890913049947   0.4831460718840888   0.6441890913049947   0.985559745902138   1.0070903582028161   
