0.5   0.5   0.5   0.5   0.0   0.0   
0.3328347023202246   0.33061507504923565   0.3328347023202246   0.33061507504923565   1.0169491525420096   0.774580979669996   
0.5517031947293027   0.7713348448491985   0.5517031947293027   0.7713348448491985   0.9994352610593135   1.0000046296403464   
0.7356856860985558   0.9324853793662908   0.7356856860985558   0.9324853793662908   0.9149859486664809   1.0002824858667696   
0.5014891181843312   0.6292037487571033   0.5014891181843312   0.6292037487571033   0.948041431025663   1.016949152537723   
0.6583324452414013   0.8582100163366382   0.6583324452414013   0.8582100163366382   0.9655553998835449   1.0169486124160523   
0.7693595625709991   1.1097100253472503   0.7693595625709991   1.1097100253472503   0.9833378844943129   1.0169490753811585   
0.6929154816404451   0.9614607672072689   0.6929154816404451   0.9614607672072689   0.9836155877054041   1.0169491525416523   
0.5802978562835794   0.7331875138845427   0.5802978562835794   0.7331875138845427   1.0002823276745398   1.0169491525416523   
0.9022844436023097   1.1021825253874298   0.9022844436023097   1.1021825253874298   0.9997267734267832   1.0169491525420096   
