0.5   0.5   0.5   0.5   0.0   0.0   
0.47190476315343854   0.49932365918367033   0.47190476315343854   0.49932365918367033   1.0000513874614594   0.8420118919186923   
1.014779935710894   0.6544846159991872   1.014779935710894   0.6544846159991872   0.6974470393972063   1.0071687317408402   
0.8441616874719906   0.6055602282445911   0.8441616874719906   0.6055602282445911   0.7326434624272434   1.0071818539337625   
0.5398077640742199   0.5076916006429346   0.5398077640742199   0.5076916006429346   0.862241880669248   1.005863340814229   
0.6062154414187255   0.621956323617847   0.6062154414187255   0.621956323617847   0.9707627237156332   1.0071924224468822   
0.6755914901808898   0.7505460384578141   0.6755914901808898   0.7505460384578141   0.9780083740954185   1.007192786878369   
0.611463758822063   0.7361070658646056   0.611463758822063   0.7361070658646056   0.999693148669178   1.0071935157413427   
0.5243680396061389   0.6898924132518172   0.5243680396061389   0.6898924132518172   1.006886656545631   1.0071424953331796   
0.6557897990476691   0.8797783408156294   0.6557897990476691   0.8797783408156294   0.992753646862034   1.0071942446043165   
