38 1 2 2 3 0 2 3 3 1 2 1 3 2 3 0 0 0 0 4 2 1 2 2 4 0 2 0 0 17 
78 0 3 4 0 2 3 0 4 4 6 3 5 3 0 0 2 1 1 6 0 2 4 9 0 4 5 4 0 31 
101 4 4 6 2 0 8 2 6 6 8 8 0 4 4 1 6 2 2 9 3 3 6 10 0 5 6 6 0 55 
111 5 6 10 3 1 11 10 7 8 10 9 0 5 5 3 11 3 5 11 4 4 7 0 1 6 0 9 0 96 
131 7 7 13 5 3 14 12 8 11 0 0 2 7 7 4 13 5 8 15 5 6 8 1 2 0 1 12 0 129 
143 0 0 14 10 4 16 14 12 12 2 1 6 8 9 5 15 7 10 16 8 7 10 2 0 1 3 15 3 167 
156 2 1 16 11 5 18 16 20 13 4 2 12 9 0 0 20 8 11 18 10 11 12 4 1 0 7 16 4 198 
171 5 0 0 13 6 22 18 21 0 7 5 14 0 2 2 22 11 0 19 12 13 16 7 0 1 9 18 5 235 
188 6 1 0 0 8 23 20 23 0 8 8 0 1 3 4 23 14 4 21 14 15 0 12 1 3 11 21 9 270 
197 11 3 3 1 9 26 21 0 0 9 12 3 2 4 5 24 17 6 22 15 17 0 16 3 5 12 23 0 313 
