0.5   0.5   0.5   0.5   0.0   0.0   
0.5061407394855171   0.503184641416438   0.5061407394855171   0.503184641416438   1.0166666666666666   0.7913888888888889   
0.844004016574842   0.8446416213026625   0.844004016574842   0.8446416213026625   0.9997222222222223   1.0083333333333333   
0.7671411981424533   0.8806680646790107   0.7671411981424533   0.8806680646790107   0.6830555555555555   1.01   
0.4344425882538792   0.6380138732853816   0.4344425882538792   0.6380138732853816   0.7655555555555557   1.0133333333333332   
0.5370771356450871   0.8610600247502512   0.5370771356450871   0.8610600247502512   0.9494444444444444   1.0147222222222223   
0.667447701241018   1.1289207128335041   0.667447701241018   1.1289207128335041   0.9827777777777779   1.016388888888889   
0.5885924356054772   0.977071971028847   0.5885924356054772   0.977071971028847   0.9997222222222223   1.016388888888889   
0.48079854649742965   0.7554613454781335   0.48079854649742965   0.7554613454781335   0.9997222222222223   1.016388888888889   
0.7369811920241833   1.1493794110411022   0.7369811920241833   1.1493794110411022   1.0166666666666666   1.0166666666666666   
