34 1 3 0 2 1 2 0 3 2 1 3 3 1 2 2 3 2 1 2 2 4 2 3 4 0 6 3 0 8 
78 4 6 1 0 0 0 3 5 8 3 0 4 0 4 3 6 4 0 3 3 5 4 9 5 5 0 4 1 16 
103 7 8 3 2 4 5 4 6 10 5 1 7 1 6 0 8 0 4 7 7 7 0 12 7 7 5 7 0 29 
117 9 9 6 5 5 6 5 7 13 0 2 10 2 9 0 0 3 0 8 8 9 3 13 11 10 7 9 0 69 
130 10 13 7 7 8 8 0 8 16 2 4 0 0 13 0 5 0 3 10 11 11 6 15 14 12 8 11 0 103 
141 12 0 8 10 11 10 2 12 17 6 7 2 0 16 0 7 1 8 12 12 12 10 0 15 0 13 13 0 138 
147 13 0 9 11 14 11 4 15 20 10 0 3 4 18 4 8 2 10 14 14 13 12 2 16 0 14 15 0 185 
155 17 0 11 14 15 12 5 0 25 11 1 4 0 19 7 9 6 12 18 15 14 0 5 18 2 15 17 0 230 
161 18 0 12 18 0 14 0 0 28 14 2 7 1 21 8 13 9 15 20 19 0 0 6 0 4 17 19 1 278 
175 0 2 14 20 0 17 4 2 29 16 3 9 2 24 0 15 11 18 0 21 0 3 7 3 0 19 21 0 319 
