0.5   0.5   0.5   0.5   0.0   0.0   
0.007143189523231843   0.34605341980992904   0.007143189523231843   0.34605341980992904   0.007154969302246337   0.939093747275816   
0.14995925720509792   0.4222764326569317   0.14995925720509792   0.4222764326569317   0.6712519930858103   0.9988540345274078   
0.25800335327144014   0.6105599632977637   0.25800335327144014   0.6105599632977637   0.8924812706557858   0.9567159646062496   
0.29532199087842814   0.6011276163337705   0.29532199087842814   0.6011276163337705   0.9352397020392385   0.9570764367882323   
0.2815402279610197   0.6218355292891453   0.2815402279610197   0.6218355292891453   0.9283610708518738   0.9857080096637739   
0.3486206279171424   0.6254952246528436   0.3486206279171424   0.6254952246528436   0.9641285687678202   0.9928530586343937   
0.37586748274906895   0.6252038935065852   0.37586748274906895   0.6252038935065852   1.0000502628917392   1.000050262910731   
0.4035607153849724   0.6160044837316564   0.4035607153849724   0.6160044837316564   0.9929081475713576   1.0000510048081117   
0.3758919354543055   0.6311872574713712   0.3758919354543055   0.6311872574713712   0.9999489795911556   0.9786224489979026   
