38 0 0 3 4 2 1 1 1 2 1 3 1 1 3 4 1 2 0 3 4 1 2 3 2 3 3 2 0 9 
73 2 2 7 6 5 4 3 3 4 0 5 3 4 4 6 3 5 3 0 7 0 3 7 5 4 6 4 0 17 
131 0 4 9 7 8 5 0 5 6 1 0 4 0 6 8 0 6 0 2 8 0 4 10 10 7 9 6 0 19 
169 1 0 11 9 11 6 1 9 7 2 2 6 2 9 9 0 9 2 0 0 4 7 13 12 8 13 7 0 32 
205 3 4 12 10 0 9 3 0 11 6 5 0 0 11 10 0 15 0 2 3 5 0 15 13 9 15 8 2 48 
246 5 6 16 11 2 11 5 4 0 9 6 3 3 13 12 4 18 3 0 4 6 0 17 14 0 0 9 0 58 
296 8 8 18 12 4 0 9 5 2 11 8 5 5 0 14 5 19 6 3 9 7 2 19 0 1 2 11 0 0 
345 11 0 20 15 9 2 10 0 4 12 9 6 6 0 17 8 23 0 4 10 0 0 21 1 5 5 0 0 7 
391 0 0 22 18 14 4 0 1 9 0 10 8 7 0 20 11 26 0 5 11 4 1 22 2 7 6 2 0 16 
433 2 4 23 20 18 5 2 4 12 2 12 11 10 0 22 13 27 1 7 13 0 4 24 6 9 9 4 0 0 
