0.5   0.5   0.5   0.5   0.0   0.0   
0.3584416757967011   0.4775134808534394   0.3584416757967011   0.4775134808534394   0.987411810187671   0.8945550069583627   
0.7005088694098979   0.3148969951068053   0.7005088694098979   0.3148969951068053   0.9957888743629711   0.981503279465756   
0.520555931288548   0.3620409815669616   0.520555931288548   0.3620409815669616   0.9899278033823874   0.9542135410772465   
0.40485842898335894   0.331599968564243   0.40485842898335894   0.331599968564243   0.9412062446208828   0.976920538293162   
0.39303917558721974   0.32040958233603667   0.39303917558721974   0.32040958233603667   0.9626913004231308   0.9841198927507325   
0.35756098697864847   0.3101445063497709   0.35756098697864847   0.3101445063497709   0.9774362114171169   0.9988647933137969   
0.3480066997221908   0.32623637195837657   0.3480066997221908   0.32623637195837657   0.9921833090562182   0.9921833090562182   
0.36520460744933236   0.3864144220255674   0.36520460744933236   0.3864144220255674   0.9995342539752725   1.0066771137212116   
0.3666236038139876   0.44263379245207624   0.3666236038139876   0.44263379245207624   1.0067835276781996   1.0067835199061403   
