39 2 1 3 2 0 2 3 6 2 0 0 1 1 2 2 3 3 1 2 1 2 3 2 2 0 2 2 0 11 
54 4 2 5 5 2 3 5 7 0 2 3 2 4 4 0 7 5 3 3 0 3 4 4 4 1 5 5 2 47 
60 7 6 7 8 4 4 7 10 0 4 4 7 6 6 5 0 7 5 6 0 0 11 6 0 0 7 9 3 81 
69 8 9 8 11 6 0 10 11 2 0 5 10 7 11 6 3 8 8 10 0 3 12 8 3 1 9 10 4 120 
77 11 12 10 14 8 3 11 15 5 1 10 12 12 13 0 5 0 0 0 2 4 0 9 5 2 10 0 5 162 
83 0 0 12 16 10 5 12 18 10 3 11 13 16 15 0 8 2 4 2 3 0 1 10 7 3 0 0 6 211 
91 3 1 14 17 12 6 14 22 13 5 12 14 18 17 5 9 0 6 0 5 3 2 12 9 6 2 0 0 253 
97 7 3 16 18 14 9 20 26 0 7 13 16 22 18 0 11 0 7 1 6 5 5 13 0 11 7 1 0 291 
105 9 4 0 22 16 12 22 0 0 10 14 17 23 19 2 15 2 8 4 8 0 10 16 2 13 10 3 0 331 
116 13 0 2 0 18 14 0 1 3 11 17 19 25 20 3 0 5 10 5 0 3 13 17 6 14 12 4 0 375 
