37 4 0 5 1 2 2 1 0 3 1 1 3 2 3 2 0 1 1 3 2 1 0 4 1 0 0 2 1 17 
55 6 2 0 4 3 3 4 2 0 3 2 4 4 4 4 2 0 2 4 5 4 1 6 2 1 2 3 2 57 
94 8 4 1 6 5 7 8 3 1 5 6 5 6 5 10 0 2 3 0 8 6 2 7 3 3 0 4 0 69 
135 10 6 2 8 7 8 10 5 2 8 10 7 10 6 11 1 4 5 3 0 9 4 0 0 0 2 7 1 79 
171 0 8 5 11 0 9 11 6 3 10 12 8 13 10 0 4 0 9 4 2 12 7 2 3 0 3 11 2 92 
202 2 9 6 13 2 11 12 8 4 12 16 9 16 0 1 8 2 10 7 3 15 9 4 0 4 7 17 4 102 
242 5 0 8 0 0 12 13 12 5 0 19 12 17 3 3 11 5 11 12 6 0 10 6 1 6 9 21 0 111 
284 8 4 9 1 0 15 14 14 9 1 21 0 0 4 5 12 8 12 14 0 2 11 8 4 9 12 24 1 119 
320 9 7 12 3 4 16 18 15 10 0 22 3 1 6 7 13 9 13 16 3 3 12 9 7 12 14 25 3 132 
365 12 8 0 4 8 0 20 16 11 2 24 0 4 7 8 14 13 0 18 5 4 13 10 10 16 15 0 0 145 
