0.5   0.5   0.5   0.5   0.0   0.0   
0.49355631356609736   0.1000001214285548   0.49355631356609736   0.1000001214285548   0.9428061224489795   0.483265306122449   
0.7421717883827301   0.4708225564418282   0.7421717883827301   0.4708225564418282   0.6976020408163265   0.9857142857142858   
0.6713080234328772   0.5344162513531824   0.6713080234328772   0.5344162513531824   0.5680612244897959   1.0   
0.5587687319288875   0.46885462988778437   0.5587687319288875   0.46885462988778437   0.6774489795918367   1.0071428571428571   
0.6185074191545885   0.5250567219726678   0.6185074191545885   0.5250567219726678   0.8424489795918367   1.0071428571428571   
0.6841577154472446   0.5682231499640766   0.6841577154472446   0.5682231499640766   0.9067857142857143   1.0071428571428571   
0.592116145420554   0.5292635770091193   0.592116145420554   0.5292635770091193   0.9641836734693878   1.0071428571428571   
0.4937281478237799   0.4312490069237527   0.4937281478237799   0.4312490069237527   0.9856122448979593   1.0071428571428571   
0.583409573704156   0.541304605890317   0.583409573704156   0.541304605890317   0.9999489795918367   1.0071428571428571   
