0.5   0.5   0.5   0.5   0.0   0.0   
0.31004844967649564   0.3938467578382249   0.31004844967649564   0.3938467578382249   0.8945025536286907   0.9230743322960624   
0.22017364693274402   0.5013217742504997   0.22017364693274402   0.5013217742504997   1.0026776863710312   0.9955349802069333   
0.3551648176374197   0.5998153386035833   0.3551648176374197   0.5998153386035833   0.9532973005211133   0.9890116460319125   
0.4649993596826184   0.6230774930874909   0.4649993596826184   0.6230774930874909   1.0044733391165954   0.9544733938185055   
0.4471902483446958   0.6113949906195083   0.4471902483446958   0.6113949906195083   0.9838104512414424   0.9480962072694368   
0.4677958045744037   0.614381203691293   0.4677958045744037   0.614381203691293   0.9909573276002334   0.9766716446072838   
0.4558069021646731   0.6225528164887769   0.4558069021646731   0.6225528164887769   0.9846347719321502   0.9846348396494704   
0.4589780867970337   0.6137657589689721   0.4589780867970337   0.6137657589689721   0.9638731153870506   0.9995874661783875   
0.4535317488054377   0.6347935580141142   0.4535317488054377   0.6347935580141142   0.9783644262993079   0.9926501483942685   
