0.5   0.5   0.5   0.5   0.0   0.0   
0.2982456163947881   0.460514462694026   0.2982456163947881   0.460514462694026   1.0169491512345679   0.4915268119855967   
1.3717850734300407   0.8211301497017659   1.3717850734300407   0.8211301497017659   0.9669398135288065   1.0166667052469136   
1.0169589063694413   0.7629942311882759   1.0169589063694413   0.7629942311882759   0.9494151993312757   1.0169491203703704   
0.6474482042901754   0.4681578909656625   0.6474482042901754   0.4681578909656625   0.9491516923868313   1.0169491358024692   
0.7812940351749876   0.555554541187128   0.7812940351749876   0.555554541187128   0.9994395807613169   1.0150046977880658   
0.9411173778251813   0.7181526772566539   0.9411173778251813   0.7181526772566539   1.016384179526749   1.016671372170782   
0.7338753480388426   0.6249120742399108   0.7338753480388426   0.6249120742399108   1.0161157394547324   1.0169491499485597   
0.5933904778586488   0.47337015792390946   0.5933904778586488   0.47337015792390946   1.0163796283436215   1.0169491499485597   
0.8922752088778032   0.6926661265657571   0.8922752088778032   0.6926661265657571   1.0163843364197531   1.0169491512345679   
