32 5 4 1 3 1 3 1 0 0 1 2 4 2 0 4 6 4 1 0 0 0 2 2 2 0 1 2 1 16 
55 0 8 5 0 2 0 3 1 1 2 4 5 4 3 7 9 5 0 1 2 3 5 3 5 3 3 3 2 44 
64 0 0 6 2 4 1 5 3 4 0 5 6 5 5 0 10 6 4 3 0 0 7 5 9 5 9 4 0 92 
77 1 1 0 3 6 6 7 0 5 3 8 7 7 7 1 11 7 5 4 7 0 8 9 13 0 11 0 1 131 
96 0 0 2 5 8 7 9 0 6 4 9 9 0 9 4 0 8 0 10 0 4 13 10 17 1 13 1 2 167 
117 2 0 3 0 11 9 10 3 0 5 0 0 4 10 5 4 10 3 0 2 0 18 11 0 3 14 3 3 204 
128 3 0 6 2 14 11 12 7 0 7 0 1 6 13 6 0 0 4 2 3 0 23 0 2 4 17 4 4 250 
143 5 3 8 5 15 13 14 0 1 0 0 0 7 14 8 1 5 5 3 0 3 25 5 5 6 20 7 5 285 
159 6 4 9 6 18 14 16 1 0 2 4 2 10 15 0 4 6 7 4 1 8 31 6 0 8 23 0 6 320 
171 7 6 13 7 19 15 0 3 2 3 5 3 16 0 4 0 8 11 6 6 10 0 9 1 10 0 2 7 357 
