0.5   0.5   0.5   0.5   0.0   0.0   
0.4398677314996632   0.10000079999839998   0.4398677314996632   0.10000079999839998   0.0   0.8821548583236882   
0.5134691983867048   0.5413757662888343   0.5134691983867048   0.5413757662888343   0.6952057557180926   0.966368821951446   
0.5372718855525692   0.5442373808978791   0.5372718855525692   0.5442373808978791   0.9830361816904578   0.8824745253765146   
0.5411181439402364   0.5820647640286921   0.5411181439402364   0.5820647640286921   0.982494746655307   0.8980452107117342   
0.5142074447304733   0.5253179725631375   0.5142074447304733   0.5253179725631375   0.9836156571502058   0.9330550912415696   
0.497486426817468   0.5246320129388632   0.497486426817468   0.5246320129388632   0.9669441371099109   1.000281941829561   
0.49901889864619614   0.5494739739594592   0.49901889864619614   0.5494739739594592   0.9836155825385088   1.0169441370881203   
0.5199934811931253   0.547584744925252   0.5199934811931253   0.547584744925252   1.0169351002854223   1.0169488425925926   
0.49212621617679914   0.5398434307586861   0.49212621617679914   0.5398434307586861   1.0169398122195787   0.983615433362983   
