0.5   0.5   0.5   0.5   0.0   0.0   
0.46223286807284214   0.43035397885792537   0.46223286807284214   0.43035397885792537   1.0017973760932943   0.8589402332361515   
0.3818722121366423   0.48220959633286825   0.3818722121366423   0.48220959633286825   0.9965517492711371   0.9894088921282799   
0.4666431581647845   0.4403746739573557   0.4666431581647845   0.4403746739573557   0.9469679300291546   0.9826822157434403   
0.4550862890014818   0.43955228152705417   0.4550862890014818   0.43955228152705417   0.8622820699708454   0.9908534985422741   
0.4812009461840363   0.3897581909826099   0.4812009461840363   0.3897581909826099   0.9129478862973761   0.9986621720116619   
0.46191581860488445   0.3216863589968534   0.46191581860488445   0.3216863589968534   0.9560655976676384   0.9989227405247814   
0.4415173628917524   0.40561825083211206   0.4415173628917524   0.40561825083211206   0.9707627551020408   1.0064770408163266   
0.4467191814197051   0.3924107950613964   0.4467191814197051   0.3924107950613964   0.9853556851311952   0.9996413994169094   
0.4090147513140513   0.3460172952180446   0.4090147513140513   0.3460172952180446   1.0068866618075802   0.999743804664723   
