27 2 3 1 5 0 4 7 4 7 4 2 0 2 3 3 2 0 4 1 1 2 2 2 1 4 3 4 0 0 
62 0 5 2 10 4 6 9 8 9 5 8 3 5 0 4 6 3 7 2 3 5 4 3 2 6 6 5 2 1 
86 3 7 4 0 7 8 11 9 10 8 12 4 6 2 5 0 5 10 3 7 7 5 5 0 7 9 7 0 28 
101 4 8 0 1 13 12 13 11 12 9 13 6 0 4 10 2 7 12 9 10 0 6 6 1 8 11 0 2 60 
111 8 10 2 5 0 16 15 0 15 11 16 8 1 5 11 3 8 14 0 12 0 9 0 3 9 12 1 3 104 
119 9 13 4 6 5 20 19 1 17 13 0 0 0 8 12 6 9 19 0 14 0 0 0 0 13 0 8 4 144 
125 14 15 5 9 0 21 20 6 0 14 0 2 3 12 0 12 15 22 2 0 4 0 1 1 14 2 0 0 184 
130 17 16 8 10 0 24 22 8 0 19 1 4 5 18 2 14 16 24 4 4 6 2 4 3 15 3 1 0 223 
136 20 18 9 0 2 28 23 0 2 22 2 10 0 20 3 17 18 28 0 0 10 0 9 5 17 0 2 0 266 
145 21 0 10 3 0 31 27 1 4 25 0 14 4 23 4 19 19 0 3 2 14 4 10 6 18 1 3 0 306 
