38 3 0 3 1 1 2 4 1 2 2 2 4 4 1 3 3 3 4 4 1 2 2 2 3 0 0 5 0 0 
71 5 1 5 3 3 3 5 9 3 5 6 10 6 4 4 4 10 5 8 3 3 6 0 0 2 2 8 0 1 
107 6 3 8 5 6 5 8 12 4 0 10 11 8 5 6 5 0 6 11 8 6 0 2 2 5 5 10 1 9 
127 7 6 9 11 10 9 9 0 5 1 12 13 9 8 0 0 2 11 0 10 0 1 4 3 7 6 17 0 36 
133 11 7 10 0 12 11 11 4 0 6 16 0 10 11 1 2 3 13 2 11 4 7 5 5 10 8 20 1 70 
137 15 11 0 2 14 0 13 0 0 7 19 1 13 12 3 3 5 0 5 14 6 8 0 7 14 9 22 3 118 
146 16 13 4 4 0 3 14 1 0 8 23 4 0 14 4 4 7 0 0 17 8 10 1 0 0 11 25 4 167 
152 0 15 5 5 4 7 16 3 2 11 25 7 1 16 6 7 8 1 4 19 0 0 0 2 1 0 27 7 211 
158 0 18 7 8 5 8 18 0 0 13 29 10 4 18 7 8 11 2 7 21 2 3 5 4 2 1 29 0 252 
165 5 20 9 0 0 9 21 1 1 14 31 0 5 19 9 10 13 4 8 23 3 4 0 7 7 2 31 0 301 
