0.5   0.5   0.5   0.5   0.0   0.0   
0.3354451855781892   0.042858057141028534   0.3354451855781892   0.042858057141028534   0.007156781047097411   0.9283302528130867   
0.4372654071374565   0.31195895867187   0.4372654071374565   0.31195895867187   0.6355846958297842   0.976911227092534   
0.44274388601554854   0.51597258426685   0.44274388601554854   0.51597258426685   0.827636856722458   1.0068715508782466   
0.46933732545612555   0.5516930106698418   0.46933732545612555   0.5516930106698418   0.8776886633906483   0.9997805003119408   
0.43743792168825174   0.6241260013362911   0.43743792168825174   0.6241260013362911   0.9416715456164598   0.9998348109973546   
0.48111800890945294   0.6416255778758717   0.48111800890945294   0.6416255778758717   0.9914736593193579   1.0070859042920892   
0.49706716872548934   0.622092703813534   0.49706716872548934   0.622092703813534   0.971220022832603   1.0070873698643457   
0.5262899850392533   0.6493301429779964   0.5262899850392533   0.6493301429779964   1.0069879008188465   1.0070899417096797   
0.5438294910649799   0.6591707770000339   0.5438294910649799   0.6591707770000339   1.0067845740987158   1.0071417170116392   
