0.5   0.5   0.5   0.5   0.0   0.0   
0.016666979999460416   0.15923327722057457   0.016666979999460416   0.15923327722057457   0.0   0.9638749999999999   
0.6008806807427637   0.5909551597768423   0.6008806807427637   0.5909551597768423   0.5941064814814816   0.9324907407407408   
0.6041091609659625   0.6768228200978285   0.6041091609659625   0.6768228200978285   0.9147083333333333   0.8488796296296297   
0.5535126677850601   0.49200419898266845   0.5535126677850601   0.49200419898266845   0.9166527777777778   0.9308240740740741   
0.6001465965923227   0.4709865376183214   0.6001465965923227   0.4709865376183214   0.9166666666666666   0.9824907407407407   
0.59347827723206   0.5041593784548847   0.59347827723206   0.5041593784548847   1.0169444444444444   0.9661111111111111   
0.5375980777697538   0.5008883057403156   0.5375980777697538   0.5008883057403156   0.9496990740740741   1.016662037037037   
0.6106566316266253   0.5145763761288443   0.6106566316266253   0.5145763761288443   0.8996990740740741   1.0   
0.6017303331019137   0.5309521677879404   0.6017303331019137   0.5309521677879404   0.9663657407407408   1.0163842592592591   
