0.5   0.5   0.5   0.5   0.0   0.0   
9.999998000000385E-8   0.31700497134428784   9.999998000000385E-8   0.31700497134428784   1.0011333845322312   0.48684799951780366   
0.1284117333286011   0.471248898047565   0.1284117333286011   0.471248898047565   0.9382874218609865   0.5668589637222646   
0.25912267652310317   0.5570708101259033   0.25912267652310317   0.5570708101259033   0.9177306510047497   0.8391592589694371   
0.3871288164314342   0.5579392454118898   0.3871288164314342   0.5579392454118898   0.9551355396491666   0.9194212801702294   
0.4394165853813292   0.5758693645639532   0.4394165853813292   0.5758693645639532   0.9838148608981805   0.9409577233215755   
0.3630659012317695   0.588546431753428   0.3630659012317695   0.588546431753428   0.8984128956472085   0.6984128982874775   
0.42385789916853717   0.6072185348645439   0.42385789916853717   0.6072185348645439   0.9486709209677662   0.9700994924149309   
0.4555847825375728   0.6252038638974199   0.4555847825375728   0.6252038638974199   0.9417849879679124   0.9917849880236929   
0.4485201522415892   0.6370831224273285   0.4485201522415892   0.6370831224273285   0.9633666180193554   0.9847951921067892   
