35 2 1 3 2 2 5 1 2 0 1 1 0 1 1 2 1 3 1 2 4 1 0 3 2 2 2 2 1 17 
51 5 0 4 0 3 6 2 6 3 2 0 4 0 4 4 3 0 5 3 5 2 0 6 3 4 3 7 2 55 
62 0 1 6 1 5 10 0 8 6 4 2 5 4 0 6 4 1 7 4 7 0 1 7 5 0 4 10 5 100 
73 1 5 7 0 7 12 5 0 8 7 0 7 6 2 10 5 3 9 7 0 0 2 10 6 2 5 11 6 141 
90 0 8 10 0 11 16 6 1 11 10 2 0 9 4 11 7 4 12 8 3 1 4 0 7 6 6 13 0 173 
106 1 12 11 4 14 18 0 0 15 14 4 1 11 0 14 9 5 0 10 0 3 7 2 8 7 7 14 1 209 
113 5 13 13 5 16 20 1 2 16 18 0 3 0 2 16 12 7 2 12 0 8 8 4 13 11 0 18 5 242 
124 7 18 16 6 18 22 4 6 0 19 3 0 2 5 0 13 9 4 0 1 10 10 5 14 17 1 22 0 277 
138 9 0 17 7 20 24 5 8 3 20 4 1 4 0 1 19 10 9 3 4 12 0 8 16 19 4 24 0 311 
154 0 2 18 9 21 26 7 9 8 22 8 2 5 3 2 21 11 10 4 5 14 2 9 20 22 0 0 0 349 
