0.5   0.5   0.5   0.5   0.0   0.0   
0.43636363867768607   0.5743435298137496   0.43636363867768607   0.5743435298137496   1.007194244604316   0.4330816063704931   
0.673376624864226   0.9004732985408912   0.673376624864226   0.9004732985408912   0.9619721852445744   0.5071421204705044   
0.7510940984299959   0.9797533724775286   0.7510940984299959   0.9797533724775286   0.8118635739710651   0.7643371017471737   
0.6982333700134548   0.7884864886893405   0.6982333700134548   0.7884864886893405   0.9408611172596776   0.921479958889898   
0.7058073499376393   0.9015213873423505   0.7058073499376393   0.9015213873423505   0.9493848264112127   0.9714799588900308   
0.7753913426936271   0.9982375655466829   0.7753913426936271   0.9982375655466829   0.9641322702034978   0.9786228160328879   
0.7398152899723703   0.9146831767084823   0.7398152899723703   0.9146831767084823   0.9857139158905657   0.9929085303186022   
0.6582038518183237   0.8200502544777533   0.6582038518183237   0.8200502544777533   0.978468294367806   0.9929085303186022   
0.8431118060253876   1.0442566744437298   0.8431118060253876   1.0442566744437298   0.9714784958648173   1.0071942446043165   
