34 0 4 1 1 3 3 2 2 2 2 4 0 2 4 2 2 0 1 1 2 3 2 0 1 1 1 2 0 18 
43 3 0 2 0 4 4 4 3 4 4 6 3 5 6 4 4 2 0 2 4 4 0 1 3 5 0 6 2 63 
53 4 4 4 0 0 7 0 4 6 0 9 5 7 8 5 0 0 1 5 8 5 0 0 7 8 5 8 3 106 
68 7 7 6 3 0 9 3 8 0 1 10 6 8 9 8 2 0 6 7 10 6 4 2 8 0 6 10 0 141 
86 8 11 0 4 2 12 6 10 0 0 13 7 10 12 10 0 1 8 8 0 7 0 6 0 3 7 12 0 181 
105 0 12 0 7 5 14 9 12 2 2 16 9 11 14 12 2 3 9 10 2 11 0 0 1 0 9 17 1 212 
117 6 13 0 0 8 16 10 13 4 3 18 11 12 16 0 5 5 11 12 3 14 3 2 0 2 0 18 3 253 
129 9 14 1 0 12 18 12 15 5 4 19 13 15 17 2 7 6 13 16 5 16 7 5 1 3 2 23 0 286 
146 13 16 3 1 13 0 15 19 6 0 23 17 18 18 3 8 8 0 18 6 0 9 11 0 5 4 26 1 316 
158 15 18 5 3 16 2 17 26 0 1 26 0 19 20 0 9 0 3 0 9 2 11 13 0 9 6 27 0 355 
