47 2 1 0 0 0 1 2 2 2 4 2 3 1 0 3 0 1 3 3 1 1 1 5 3 3 1 0 0 8 
62 5 2 2 1 1 3 3 4 5 0 4 6 2 1 4 4 2 4 4 2 3 2 6 5 4 3 0 0 52 
64 6 0 4 3 4 6 7 7 7 5 5 10 0 5 7 6 5 8 5 4 4 4 8 6 6 5 0 0 91 
70 10 0 0 7 5 7 10 0 0 0 0 0 2 10 9 7 0 9 7 7 6 10 10 0 8 8 0 0 141 
81 14 1 3 8 6 8 0 1 2 1 2 0 3 11 0 9 4 12 10 8 0 13 12 2 9 9 2 1 186 
84 16 0 0 10 10 10 2 0 4 2 4 2 4 14 0 13 5 14 12 9 2 18 0 0 13 12 5 0 233 
86 20 3 0 11 0 0 4 1 7 0 9 3 0 0 0 16 9 17 13 10 6 20 6 3 14 0 7 0 281 
91 24 6 2 13 4 0 10 3 10 3 0 5 1 1 2 18 0 0 14 11 7 23 7 5 0 2 9 0 326 
93 27 8 3 17 7 2 11 4 13 5 2 8 2 0 5 24 1 2 0 13 9 24 10 9 1 3 10 0 369 
0 0 11 4 0 9 3 0 6 14 7 4 9 0 1 7 25 0 5 2 15 10 30 13 10 3 7 0 0 426 
