0.5   0.5   0.5   0.5   0.0   0.0   
0.31074285849741984   6.666665777777892E-8   0.31074285849741984   6.666665777777892E-8   1.0019019705373973   0.4947594611663027   
0.262992385069972   0.06487449691315392   0.262992385069972   0.06487449691315392   0.9821165321449435   0.5035451868721411   
0.26387597937067225   0.41261207993350174   0.26387597937067225   0.41261207993350174   0.8899846521276533   0.925698971737786   
0.2858815822949809   0.4563344276944037   0.2858815822949809   0.4563344276944037   0.9116238727666219   0.9901953222184874   
0.3431899308258774   0.47170715334837376   0.3431899308258774   0.47170715334837376   0.9626450150391463   0.9912164618879294   
0.3603570257644438   0.5050801311262696   0.3603570257644438   0.5050801311262696   0.9918316196178434   1.0061173391469085   
0.360507857016076   0.5042937688299727   0.360507857016076   0.5042937688299727   0.9989770407967911   1.0061198953737531   
0.3821438819232901   0.4995686583939072   0.3821438819232901   0.4995686583939072   0.977753274583448   0.9991818461235801   
0.3672790880389022   0.5076033751294252   0.3672790880389022   0.5076033751294252   0.978315592461072   0.999744161305155   
