32 2 0 2 1 2 4 3 0 2 2 0 2 2 3 2 2 3 3 1 5 1 0 1 2 1 2 1 0 19 
43 4 2 5 5 5 5 6 2 0 6 1 0 4 6 4 5 4 9 2 6 4 1 2 3 3 4 4 0 51 
55 7 6 6 8 8 7 7 4 1 7 0 4 5 9 8 7 5 10 4 7 0 4 5 0 4 6 6 1 87 
71 9 7 8 9 10 8 9 5 4 0 2 10 8 10 9 8 0 11 5 10 0 8 6 1 7 8 7 3 123 
83 10 8 11 11 12 0 13 0 7 1 4 14 9 12 11 10 2 14 6 0 2 10 7 0 10 10 9 0 163 
92 0 12 12 13 13 3 0 2 8 6 5 15 12 13 13 13 5 15 0 3 4 11 11 2 11 12 12 2 200 
108 1 0 14 0 16 6 0 5 0 0 6 18 14 0 14 0 6 17 1 0 5 14 15 5 13 13 15 0 244 
124 4 2 16 0 18 10 1 6 3 1 8 20 15 0 0 1 8 18 2 0 9 15 18 0 0 17 17 0 285 
140 0 5 0 4 20 15 3 0 0 3 10 26 0 1 3 2 12 19 0 2 0 16 20 2 1 19 18 1 321 
150 0 10 3 0 21 0 5 2 2 0 12 28 1 2 5 3 13 20 1 5 0 17 23 0 4 21 19 0 371 
