0.5   0.5   0.5   0.5   0.0   0.0   
0.0071431095234025105   0.27647295456965904   0.0071431095234025105   0.27647295456965904   0.007153516782476221   0.9465412744051239   
0.6954824761360084   0.3244413759928139   0.6954824761360084   0.3244413759928139   0.642828172134435   0.9978281731189579   
0.4920100268502365   0.41629828834966714   0.4920100268502365   0.41629828834966714   0.8781911698428065   0.9549768845750292   
0.4714800691913305   0.3961426746443988   0.4714800691913305   0.3961426746443988   0.9211623982916968   0.9708052556224805   
0.4535049471095922   0.42065632956948534   0.4535049471095922   0.42065632956948534   0.9854492528585843   0.978561497831847   
0.4540591077345424   0.39966536060916363   0.4540591077345424   0.39966536060916363   1.0071854435091152   1.0071854435837544   
0.4360552017217059   0.41966623061998665   0.4360552017217059   0.41966623061998665   1.0000455253012734   1.0000455253020704   
0.43843084925786474   0.43520644238055495   0.43843084925786474   0.43520644238055495   1.0000484459599968   1.0071913031215802   
0.44189083876538343   0.45421483390275386   0.44189083876538343   0.45421483390275386   0.9929066873364905   1.0071924016222047   
