0.5   0.5   0.5   0.5   0.0   0.0   
0.3466666741587558   0.40238784080165635   0.3466666741587558   0.40238784080165635   1.0071942446043165   0.881664868616932   
0.20142944018876052   0.7755140811704124   0.20142944018876052   0.7755140811704124   0.6425855156088899   1.0036224437176466   
0.21381011644351702   0.9493209538495727   0.21381011644351702   0.9493209538495727   0.570084739814079   1.0054595507267656   
0.209523997460153   0.838803632421038   0.209523997460153   0.838803632421038   0.713863293694712   0.8208677139920707   
0.4706418253835949   0.9412311304550188   0.4706418253835949   0.9412311304550188   0.9067813201886514   1.0069391425635001   
0.48098264874546715   1.0716692890257524   0.48098264874546715   1.0716692890257524   0.9211723733585964   1.0069901629716635   
0.4140030431023995   0.9373307680166757   0.4140030431023995   0.9373307680166757   0.9570408136849325   1.00709220378799   
0.4800979386260869   0.832396647252974   0.4800979386260869   0.832396647252974   0.9641319163883415   0.9999493466451329   
0.582897641940025   1.0474563959979746   0.582897641940025   1.0474563959979746   0.9855105606847486   1.0071942446043165   
