41 1 0 3 2 3 2 0 2 3 1 3 3 4 3 1 1 2 2 2 2 2 1 4 2 2 1 0 0 7 
51 4 1 6 0 5 3 2 4 4 2 7 6 6 0 2 3 3 4 0 5 4 3 7 4 3 5 3 0 46 
0 9 3 8 3 7 5 4 6 6 0 0 9 8 1 0 6 0 6 1 7 6 6 9 6 8 0 5 0 94 
4 11 4 9 6 10 0 6 8 0 1 2 10 12 3 0 10 2 10 2 0 0 0 0 8 10 5 0 0 146 
21 13 8 10 0 12 1 8 10 3 2 0 13 13 4 2 11 4 12 3 1 0 2 3 10 13 7 3 0 182 
24 16 10 12 4 0 0 9 12 0 4 0 0 0 0 4 12 6 15 5 5 0 4 4 13 15 10 0 1 237 
25 20 0 13 5 0 0 11 0 3 0 3 3 2 0 8 15 8 16 6 8 2 7 6 17 16 12 3 0 286 
30 21 1 14 0 3 2 12 3 4 2 4 4 5 2 9 17 0 19 7 10 3 8 0 18 0 14 6 0 342 
37 22 4 15 3 0 3 13 4 8 6 6 5 8 3 11 19 3 22 0 12 0 11 5 20 2 15 7 0 383 
39 23 5 16 5 2 4 16 5 10 8 10 9 10 0 0 0 6 23 3 15 1 12 0 21 0 17 9 0 438 
