0.5   0.5   0.5   0.5   0.0   0.0   
0.424052914682617   0.042858057141028534   0.424052914682617   0.042858057141028534   0.007150952746658794   0.9534774857108415   
0.558475676298866   0.35769966017281857   0.558475676298866   0.35769966017281857   0.66384491015615   0.9040489925980162   
0.5346809268814453   0.6923320853112956   0.5346809268814453   0.6923320853112956   0.9351266475071768   0.9631368518497817   
0.590631035603403   0.5629046584494233   0.590631035603403   0.5629046584494233   0.9353938252832084   0.9565672948583589   
0.5675325816110839   0.5612784531759055   0.5675325816110839   0.5612784531759055   0.978455820434987   0.9924354123094398   
0.5368873874743205   0.5286272408994402   0.5368873874743205   0.5286272408994402   0.97784580639748   1.0049886635591962   
0.5245324529649306   0.49824252897399657   0.5245324529649306   0.49824252897399657   0.9924905065783413   0.9997864249458209   
0.5232357014243151   0.5166463008237769   0.5232357014243151   0.5166463008237769   0.9710127499140565   1.0070841784858837   
0.5104373219761597   0.5175592198954693   0.5104373219761597   0.5175592198954693   0.9997383329858526   1.0070342513721913   
