0.5   0.5   0.5   0.5   0.0   0.0   
0.2727272796143249   0.5200122771796067   0.2727272796143249   0.5200122771796067   1.0071731075768802   0.46040522082471713   
1.1484874498690132   0.6193253564974177   1.1484874498690132   0.6193253564974177   0.6977925206145059   0.9928575098542592   
0.9724005545904242   0.561316220744213   0.9724005545904242   0.561316220744213   0.7414142379768858   1.0071942446041828   
0.6581172337726636   0.5515854349822717   0.6581172337726636   0.5515854349822717   0.9068822283995778   1.0000513874614585   
0.651219133494564   0.6410598188628965   0.651219133494564   0.6410598188628965   0.9784132312771918   1.0071942446043156   
0.7058596940023056   0.7327112758426501   0.7058596940023056   0.7327112758426501   0.9926001847799053   1.0071942446043156   
0.6218808087306636   0.696964719075489   0.6218808087306636   0.696964719075489   0.9927547271777419   1.0071942446043156   
0.522922974524129   0.6926162916080487   0.522922974524129   0.6926162916080487   1.0070914644751   1.0071942446043156   
0.654099754471405   0.9214029909917342   0.654099754471405   0.9214029909917342   0.9999489743112978   1.0071942446043156   
