0.5   0.5   0.5   0.5   0.0   0.0   
0.007143056190182955   0.24580943416490755   0.007143056190182955   0.24580943416490755   0.007154620489264097   0.9855729903808484   
0.5451268815532484   0.2153625786823199   0.5451268815532484   0.2153625786823199   0.3071634829980914   0.9695614430741173   
0.5943468723219536   0.4461995607658777   0.5943468723219536   0.4461995607658777   0.8853854354760474   0.9642119662377038   
0.4985617099220178   0.39988244011527263   0.4985617099220178   0.39988244011527263   0.9213081916363397   0.9927877837171798   
0.49726564093198805   0.4408355865693183   0.49726564093198805   0.4408355865693183   0.9496836082791572   0.9927958533088644   
0.5429477539906339   0.43723390497204856   0.5429477539906339   0.43723390497204856   0.978361841307864   0.9998414332755495   
0.5008625396363034   0.4867192886843214   0.5008625396363034   0.4867192886843214   0.9999963374630133   1.0071391946251278   
0.49673466858170434   0.4923291927799093   0.49673466858170434   0.4923291927799093   1.0067835146253301   1.0071916779652756   
0.49400796320339757   0.49403526334610626   0.49400796320339757   0.49403526334610626   1.0071417560020914   1.0071927764659023   
