0.5   0.5   0.5   0.5   0.0   0.0   
0.5060157717528093   0.3790476397460283   0.5060157717528093   0.3790476397460283   1.0071942446042614   0.6314248918690265   
0.48050069358745956   0.21145189044513113   0.48050069358745956   0.21145189044513113   0.6761059342404012   0.9998968658706204   
0.452854173742489   0.2304320753605006   0.452854173742489   0.2304320753605006   0.6609003559491208   1.0071942446043165   
0.3209390151075536   0.31470599162644053   0.3209390151075536   0.31470599162644053   0.7205564163548579   1.007194244585723   
0.37013656578517357   0.5711594911513307   0.37013656578517357   0.5711594911513307   0.9138756975697971   1.0071942446043165   
0.40662973461210244   0.7229278507278812   0.40662973461210244   0.7229278507278812   0.9785178284896924   1.0071942446043165   
0.39218621624269084   0.7035151007948713   0.39218621624269084   0.7035151007948713   0.9999482246791824   1.0071942446043165   
0.3700915326243373   0.6775416471405813   0.3700915326243373   0.6775416471405813   0.9855612114928454   1.0071942446043165   
0.46282037773088525   0.8971038245476822   0.46282037773088525   0.8971038245476822   1.0069894210744195   1.0071942446043165   
