39 1 1 1 1 2 3 3 2 0 2 2 2 0 3 3 3 3 5 2 3 2 4 1 3 2 3 2 2 0 
73 2 3 4 5 5 5 4 5 1 6 5 4 2 5 6 5 5 7 5 5 3 7 2 7 8 5 0 3 1 
100 6 5 5 8 8 11 6 6 2 8 8 5 3 6 7 8 7 9 8 6 6 8 0 8 10 6 1 0 22 
115 9 0 7 0 9 12 8 7 6 9 10 0 7 10 8 9 9 0 9 0 11 0 1 11 14 11 4 0 56 
126 11 0 8 3 10 15 13 0 8 12 11 2 8 12 11 10 10 0 12 2 12 2 3 12 16 0 6 0 99 
138 14 3 9 4 11 18 14 1 10 0 14 5 9 14 14 0 11 3 13 3 13 4 6 13 18 2 7 1 140 
145 15 4 10 8 0 19 15 2 12 3 0 7 11 15 15 3 12 4 14 6 14 5 10 14 19 4 11 4 186 
154 16 0 0 0 5 20 16 5 13 0 1 8 14 16 18 0 13 7 17 9 16 6 13 19 22 8 13 5 225 
163 0 0 1 2 0 22 18 0 14 3 3 9 16 20 21 4 14 10 0 10 18 9 16 20 24 11 0 0 270 
170 1 1 2 3 4 23 0 0 16 5 6 12 18 24 24 8 19 11 1 0 19 0 18 0 29 14 2 2 309 
