46 2 1 1 2 2 0 1 1 4 2 2 2 0 1 2 1 1 2 1 3 4 1 5 3 0 1 1 0 8 
56 4 4 5 5 3 0 5 2 6 5 0 3 2 2 4 3 4 5 3 4 5 3 8 4 3 2 3 1 44 
101 5 6 7 8 5 2 7 5 8 6 4 6 5 4 8 6 0 0 4 6 9 5 9 0 5 3 4 0 46 
150 7 7 9 11 6 0 9 7 0 11 0 9 7 5 10 8 0 0 7 8 13 8 11 1 8 4 6 0 48 
202 9 10 12 13 7 2 10 0 1 13 4 0 9 8 11 12 1 0 9 12 0 10 12 0 9 5 8 0 51 
241 11 12 13 14 11 0 12 1 2 17 0 1 10 12 13 13 3 5 11 13 3 0 0 4 0 8 11 0 62 
284 13 14 14 19 13 2 13 2 6 19 2 3 14 13 14 16 6 6 14 17 5 1 0 8 1 9 12 0 63 
330 0 15 15 20 17 6 14 4 0 23 6 4 17 0 15 17 7 7 18 18 6 2 4 12 2 11 14 0 67 
374 0 17 17 21 18 8 16 5 0 28 8 8 18 1 17 20 10 0 0 21 9 0 0 17 3 15 16 0 73 
419 1 18 20 23 20 0 17 7 1 30 0 10 0 7 21 23 12 2 3 22 0 1 2 20 5 16 18 0 79 
