0.5   0.5   0.5   0.5   0.0   0.0   
0.617341645605432   0.4000000199999964   0.617341645605432   0.4000000199999964   1.0071942445966136   0.39948486166371017   
0.4888091693438272   0.21074905387736034   0.4888091693438272   0.21074905387736034   0.6548307936561665   0.9855612218868477   
0.4643529010899708   0.5773881892379824   0.4643529010899708   0.5773881892379824   0.5260498328769089   1.0071942446043165   
0.3923415027323787   0.5828991411519958   0.3923415027323787   0.5828991411519958   0.8778982896801124   1.0071942420012345   
0.4863913562454649   0.7435816305764286   0.4863913562454649   0.7435816305764286   0.9425976597715857   1.0071942446043165   
0.5323239239768157   0.9079887657032848   0.5323239239768157   0.9079887657032848   0.9924959885569186   1.0071942446043165   
0.5055857800910325   0.8343969109880791   0.5055857800910325   0.8343969109880791   0.9927514550855421   1.0071942446043165   
0.4334545142992103   0.7668887340993158   0.4334545142992103   0.7668887340993158   0.9785696089983471   1.0071942446043165   
0.5412197914691254   0.985008389052861   0.5412197914691254   0.985008389052861   0.9785189504187224   1.0071942446043165   
