0.5   0.5   0.5   0.5   0.0   0.0   
0.5569141895121348   0.05000089999819997   0.5569141895121348   0.05000089999819997   0.0   0.9477450430162011   
0.362805254405156   0.19823464806984833   0.362805254405156   0.19823464806984833   0.711026446043255   0.9491573246727643   
0.48372752979915323   0.3751787200117492   0.48372752979915323   0.3751787200117492   0.9802730656060251   0.9494117984792713   
0.5020135013115585   0.5027918738225883   0.5020135013115585   0.5027918738225883   0.9649951374296265   0.8994161236696421   
0.4992039065463199   0.4469800915104812   0.4992039065463199   0.4469800915104812   0.9988843376825417   0.9327591819697894   
0.5018261964534867   0.43771380655075753   0.5018261964534867   0.43771380655075753   0.9994352622603083   1.0000000783171747   
0.5135268397819454   0.4744875880405818   0.5135268397819454   0.4744875880405818   1.000273226550705   0.98333804003808   
0.5218139429786957   0.4874400072538391   0.5218139429786957   0.4874400072538391   1.0169491486389681   1.0169491524562757   
0.5244587131401474   0.4911508568360824   0.5244587131401474   0.4911508568360824   1.0169491499478387   1.0169398931759341   
