23 2 2 2 4 0 1 4 2 3 0 1 2 7 0 5 4 6 2 8 2 3 2 4 2 4 3 2 0 0 
24 4 6 5 7 2 3 5 3 5 2 3 5 10 3 0 6 11 6 11 3 6 4 8 5 6 7 6 0 29 
35 5 7 7 9 5 5 7 5 6 3 6 8 0 5 3 10 17 0 14 7 0 5 10 6 7 9 8 0 64 
44 8 13 9 11 7 6 10 7 10 0 8 9 1 10 0 12 19 3 17 8 2 0 0 7 9 11 0 1 102 
59 9 14 11 13 8 7 13 8 14 2 11 10 3 14 2 15 20 6 0 9 3 3 2 10 12 13 2 0 133 
72 12 15 12 15 0 10 14 12 15 0 12 11 4 17 4 0 23 9 2 11 6 5 3 12 13 14 4 0 174 
81 13 18 16 17 0 13 17 16 20 1 16 0 6 20 7 0 0 0 3 14 9 8 4 0 15 15 9 1 207 
90 14 21 20 0 2 14 18 19 23 3 19 1 9 0 8 2 1 2 4 17 12 13 6 1 17 17 12 0 243 
101 18 0 22 1 3 20 19 23 24 0 20 6 10 2 12 3 5 4 0 20 13 14 8 3 19 19 0 0 279 
112 19 2 24 3 7 22 22 26 0 2 22 9 12 5 13 6 0 0 2 21 15 16 0 4 0 20 1 0 323 
