0.5   0.5   0.5   0.5   0.0   0.0   
0.848920810384122   0.5   0.848920810384122   0.5   0.0   0.4493979166666667   
0.5718273497987353   0.41843695271071885   0.5718273497987353   0.41843695271071885   0.44323510802469135   0.665541512345679   
0.6004290683372723   0.4151439062568839   0.6004290683372723   0.4151439062568839   0.8152451388888889   0.4974813271604938   
0.5967098899828926   0.5750510397814906   0.5967098899828926   0.5750510397814906   0.8652775462962963   0.7655137345679013   
0.573710352517254   0.515658236660755   0.573710352517254   0.515658236660755   0.9819444444444444   0.8997081790123457   
0.6293936765306112   0.4794215821893549   0.6293936765306112   0.4794215821893549   0.9336157407407408   0.8994351851851852   
0.5971843541218543   0.4547919996432421   0.5971843541218543   0.4547919996432421   0.9658283179012346   0.9336110339506173   
0.5407136240710845   0.5058105397564479   0.5407136240710845   0.5058105397564479   0.981661651234568   0.95   
0.5368488998292309   0.5232609077542658   0.5368488998292309   0.5232609077542658   0.9994394290123457   0.9336064043209876   
