43 4 1 0 4 1 3 4 0 0 1 2 4 3 0 3 0 4 3 0 0 0 3 0 2 3 3 2 0 7 
76 6 0 2 6 0 5 7 0 4 3 5 8 7 4 4 3 6 4 3 1 1 5 3 4 6 4 3 1 17 
128 10 0 3 9 0 10 8 1 0 0 8 10 10 5 5 4 8 7 6 0 2 8 6 6 7 6 0 0 19 
169 14 4 5 0 1 11 9 0 5 3 12 11 0 7 0 5 10 11 8 3 5 10 0 9 11 7 2 0 23 
199 16 7 0 2 4 13 12 3 6 6 15 12 5 8 2 6 16 14 0 5 7 12 1 11 15 0 4 0 34 
238 20 10 2 0 7 16 16 0 8 8 18 14 7 10 5 8 19 15 1 6 9 0 4 13 16 1 0 1 42 
285 22 12 5 3 8 18 18 2 0 0 0 0 10 11 8 10 22 19 3 8 0 1 5 19 17 3 3 0 44 
334 0 16 6 6 10 20 20 3 1 2 1 3 15 14 9 0 25 20 5 0 1 3 7 20 19 0 0 0 50 
369 1 0 0 8 11 24 0 5 2 7 3 5 18 15 12 1 28 21 9 1 2 4 11 26 22 2 2 0 59 
409 2 1 1 11 13 29 2 0 4 8 5 8 0 16 16 0 32 22 12 0 0 5 16 32 27 0 0 0 66 
