0.5   0.5   0.5   0.5   0.0   0.0   
0.5333333326984131   0.5773894323961355   0.5333333326984131   0.5773894323961355   1.0169491525423668   0.49624301632783324   
0.989566182307552   1.1045245883893533   0.989566182307552   1.1045245883893533   0.9999905876843218   0.5166667438273391   
1.080694513217512   0.9484643105326541   1.080694513217512   0.9484643105326541   0.9485830991444414   1.0000047080977794   
0.613238958315333   0.6165604828012602   0.613238958315333   0.6165604828012602   0.9991340238504277   1.0169491525422953   
0.7277197909190586   0.8420264034017186   0.7277197909190586   0.8420264034017186   0.9327592566647257   1.0169491435402676   
0.8521522430070718   0.9950757227064335   0.8521522430070718   0.9950757227064335   0.9663889647415719   1.0169491512563527   
0.7511383889725239   0.8754388175156103   0.7511383889725239   0.8754388175156103   0.9997269264617566   1.0169491525423608   
0.5723682359404523   0.7055429367469485   0.5723682359404523   0.7055429367469485   1.0000047054612424   1.0169491525423608   
0.8299236329267006   1.0704263985331175   0.8299236329267006   1.0704263985331175   1.0166621128904465   1.0169491525423668   
