0.5   0.5   0.5   0.5   0.0   0.0   
0.03571448142832645   0.26863088535834745   0.03571448142832645   0.26863088535834745   0.007154237834207891   0.954450158675014   
0.625490204391084   0.40070521629692574   0.625490204391084   0.40070521629692574   0.6641029485110869   0.9779294798855301   
0.544747317492548   0.430527132134401   0.544747317492548   0.430527132134401   0.9207403657321594   0.9712505700375775   
0.4941785753656734   0.43380745191179737   0.4941785753656734   0.43380745191179737   0.9346730058347057   0.9783464753888721   
0.5171906591613727   0.45532452764131465   0.5171906591613727   0.45532452764131465   0.9712054898439602   1.0000320204927282   
0.5015659515071034   0.47874225128261927   0.5015659515071034   0.47874225128261927   0.9855487869450035   1.0071814400431491   
0.5060588985968548   0.48903305711050304   0.5060588985968548   0.48903305711050304   0.9355487921138632   0.9999875676798475   
0.4900621779879445   0.47686734864380803   0.4900621779879445   0.47686734864380803   0.9640692106518838   1.0000385985192104   
0.4842767788702226   0.48195721536924635   0.4842767788702226   0.48195721536924635   0.9713651472968549   1.007181473883513   
