44 0 3 0 1 2 4 3 1 2 5 2 4 0 0 0 2 1 2 1 4 4 3 1 1 2 2 0 2 4 
62 4 6 3 3 0 6 6 2 4 0 4 5 1 2 3 5 3 3 3 5 0 4 3 3 0 4 0 0 41 
81 7 8 6 6 8 8 0 6 5 3 7 7 3 3 0 7 4 4 4 0 1 6 7 5 5 0 2 0 64 
101 10 12 10 8 10 10 4 7 6 6 0 10 0 5 2 8 7 0 6 0 3 7 11 0 6 0 4 2 93 
115 15 14 14 9 12 12 5 10 8 7 3 13 2 8 4 10 8 2 9 1 4 8 12 5 9 2 9 0 116 
132 16 16 16 0 13 15 6 12 11 9 4 16 4 11 6 16 11 3 11 2 7 11 13 7 0 0 11 0 147 
155 21 18 0 2 0 16 9 13 15 11 7 19 7 13 0 19 12 0 14 5 13 14 15 0 0 1 13 0 169 
163 23 20 2 5 0 20 11 15 16 12 9 20 8 16 2 0 20 1 18 6 14 0 17 0 1 2 16 1 210 
177 0 22 4 6 0 23 12 0 17 16 10 22 9 18 0 1 25 3 20 9 0 1 18 1 3 3 18 0 255 
182 1 0 6 7 2 0 13 0 18 21 15 0 14 22 3 5 26 4 22 10 1 2 19 6 5 5 19 0 298 
