0.5   0.5   0.5   0.5   0.0   0.0   
0.2652381672470741   0.3145863472853339   0.2652381672470741   0.3145863472853339   1.0071942435258967   0.9278806329194298   
0.5078618782604228   0.494833020821052   0.5078618782604228   0.494833020821052   0.6763111118632966   0.9785710641586661   
0.6599899273232643   0.5296236579161547   0.6599899273232643   0.5296236579161547   0.6469766027672437   1.0071942446043165   
0.5170386491366831   0.3984766166040979   0.5170386491366831   0.3984766166040979   0.9057605552157347   1.0071938801728297   
0.5128690931777202   0.4433709328167548   0.5128690931777202   0.4433709328167548   0.963672368022004   1.0071942446043165   
0.5604530373540763   0.4882276291062159   0.5604530373540763   0.4882276291062159   0.9494383979686112   1.0071942446043165   
0.4809937851374865   0.44752862701678114   0.4809937851374865   0.44752862701678114   0.9852037119758764   1.0071942446043165   
0.41240220038312664   0.36250453274477773   0.41240220038312664   0.36250453274477773   0.9997452597685955   1.0071942446043165   
0.49065746645953556   0.45436759664781273   0.49065746645953556   0.45436759664781273   0.9926530586211383   1.0071942446043165   
