0.5   0.5   0.5   0.5   0.0   0.0   
0.6047671935258863   0.250000499999   0.6047671935258863   0.250000499999   0.0   0.7324671204549842   
0.644096391527666   0.5606620510683171   0.644096391527666   0.5606620510683171   0.4449054471817349   0.8330412666741503   
0.49570515420246314   0.6818123061127773   0.49570515420246314   0.6818123061127773   0.9166614917476911   0.9652634862600612   
0.5706316293016864   0.6539788347973828   0.5706316293016864   0.6539788347973828   0.9499996141753471   0.9485969057763078   
0.5408264730914   0.6239121696726472   0.5408264730914   0.6239121696726472   0.9836154333633164   0.9994349484510622   
0.5757541433607523   0.6241220512047847   0.5757541433607523   0.6241220512047847   0.9669256160193638   1.0161107239797669   
0.6152242242051316   0.6162429599801503   0.6152242242051316   0.6162429599801503   1.0002775474108427   1.000004629607839   
0.6030038080117291   0.6099015697134879   0.6030038080117291   0.6099015697134879   1.016110958033628   1.016393593107359   
0.6035915793655575   0.6145360004807205   0.6035915793655575   0.6145360004807205   1.0163935185188817   1.0169445229127432   
