34 1 2 2 5 0 0 4 1 1 3 0 1 3 2 0 3 0 0 3 0 3 1 2 3 3 1 2 1 19 
47 0 4 0 6 2 3 6 5 2 5 1 5 0 0 1 0 0 3 4 4 4 4 3 5 4 4 4 2 61 
60 0 9 3 10 4 0 8 10 3 7 6 7 1 1 3 0 2 0 0 5 6 6 0 6 6 5 5 0 101 
77 1 10 5 13 6 0 12 11 6 8 8 8 2 2 5 3 4 0 2 8 8 7 4 8 7 8 7 0 134 
89 3 12 8 15 7 1 18 12 0 11 11 9 6 5 10 5 0 4 5 0 10 11 5 9 0 0 11 0 164 
106 5 13 10 17 10 3 22 15 0 14 14 10 8 0 12 6 1 7 8 2 0 14 7 10 1 2 14 1 194 
116 0 15 12 18 13 8 25 16 1 16 21 12 10 3 13 8 0 8 9 5 3 0 12 13 2 4 15 0 227 
132 1 0 15 0 15 0 26 19 4 17 23 15 12 5 15 9 3 12 0 6 6 1 13 18 4 10 17 1 256 
146 2 2 17 2 16 2 29 20 8 18 0 17 18 0 17 12 5 15 2 9 8 0 0 0 0 14 18 2 292 
154 3 5 20 3 0 3 31 21 9 20 2 18 20 0 19 0 10 17 3 11 9 1 3 2 2 17 0 0 340 
