0.5   0.5   0.5   0.5   0.0   0.0   
0.525367920866937   0.5974290851259922   0.525367920866937   0.5974290851259922   0.5929085068535431   0.9423281644552864   
1.0086476527106412   0.669940321516581   1.0086476527106412   0.669940321516581   0.7334040443156125   1.0071931434818826   
0.9141593685764947   0.6302858365313037   0.9141593685764947   0.6302858365313037   0.7190643469610876   1.007194241982507   
0.5997612573544469   0.4293913781036639   0.5997612573544469   0.4293913781036639   0.8916766317233892   1.0071942445855895   
0.621707266287748   0.5475027138815806   0.621707266287748   0.5475027138815806   0.8993330329624561   1.0071942445855895   
0.7227407176090342   0.6201732635032879   0.7227407176090342   0.6201732635032879   0.9636216861463972   1.0071942445855895   
0.6395372933239561   0.5673327591496671   0.6395372933239561   0.5673327591496671   0.9926526837404058   1.0071942445855895   
0.5290427893906297   0.496017612162846   0.5290427893906297   0.496017612162846   0.9927037119578151   1.0071942445855895   
0.6257576123508297   0.6083822133099238   0.6257576123508297   0.6083822133099238   0.9998965014391324   1.0071942445855895   
