0.5   0.5   0.5   0.5   0.0   0.0   
0.38577305603313394   0.06666753333159997   0.38577305603313394   0.06666753333159997   0.0   0.9292914994212963   
0.4599964274536258   0.2673656122400066   0.4599964274536258   0.2673656122400066   0.7123453430855624   0.9821293170867627   
0.502075174084614   0.6168750384875045   0.502075174084614   0.6168750384875045   0.9821709014274691   0.948471522590878   
0.5446750333495377   0.6809745393647686   0.5446750333495377   0.6809745393647686   0.9496847993184157   0.8827126427040466   
0.542466540337725   0.5594199536067497   0.542466540337725   0.5594199536067497   1.0169394290123457   0.98330547449417   
0.5219259070966688   0.5694042820726076   0.5219259070966688   0.5694042820726076   1.0166482265946502   1.0169165097736625   
0.52812001226425   0.5994467036630683   0.52812001226425   0.5994467036630683   1.016934952310528   1.0166482252872084   
0.5327084756986777   0.603006542455367   0.5327084756986777   0.603006542455367   1.0161060171253429   1.0169305555555554   
0.5119925922896085   0.5985458865365716   0.5119925922896085   0.5985458865365716   1.0163887331747257   1.016926001778978   
