34 3 0 3 5 0 2 0 2 1 2 3 1 2 7 1 2 2 5 4 4 1 1 3 5 2 0 4 1 0 
41 5 2 7 10 3 7 2 5 3 3 5 4 4 0 3 3 4 7 10 0 0 2 7 6 3 3 6 2 31 
85 7 4 9 0 0 9 3 0 5 5 8 5 0 2 6 0 6 9 12 3 3 4 11 8 0 0 8 4 41 
121 9 7 12 2 1 11 5 1 8 8 9 7 1 3 8 4 8 11 13 10 4 10 0 10 1 0 0 0 50 
145 10 0 15 3 2 12 6 4 13 10 10 10 3 5 10 7 10 0 16 12 7 13 1 12 2 1 1 0 76 
187 11 1 19 5 3 13 7 5 15 13 13 0 5 0 11 9 0 1 18 16 9 15 4 15 3 2 4 0 87 
224 13 3 0 9 5 0 12 0 16 0 15 1 7 2 13 13 1 0 20 21 11 17 6 17 7 4 8 1 94 
263 0 4 4 12 6 0 0 0 19 1 16 0 8 5 17 0 4 0 22 26 17 19 0 0 8 7 0 0 111 
305 1 0 5 0 0 3 2 3 0 2 18 1 12 7 0 1 6 1 23 27 21 0 2 2 0 12 4 1 125 
317 2 0 0 4 0 7 0 6 2 3 19 3 15 9 4 2 8 4 24 0 22 1 5 5 0 16 0 2 166 
