0.5   0.5   0.5   0.5   0.0   0.0   
0.30196477237170893   0.24597853096110128   0.30196477237170893   0.24597853096110128   0.9804704828012244   0.8590422111733322   
0.2969292646048089   0.5295794445174106   0.2969292646048089   0.5295794445174106   0.9820111515558742   0.9748684193609559   
0.3379911223490562   0.5616196657293453   0.3379911223490562   0.5616196657293453   0.9686023687618504   0.9543166909006914   
0.37190639299526423   0.5079329609681794   0.37190639299526423   0.5079329609681794   0.9546278944732782   0.9689136270363473   
0.3573236956149576   0.50542175717349   0.3573236956149576   0.50542175717349   0.9618286884886077   0.9761144236361653   
0.4085381450724626   0.5212945274059483   0.4085381450724626   0.5212945274059483   0.9841286286752396   0.9984143533918756   
0.4464826301477478   0.5460957149582203   0.4464826301477478   0.5460957149582203   0.9564267310484906   0.9992838921086145   
0.42620107071047425   0.5822097034053421   0.42620107071047425   0.5822097034053421   0.9565302269137139   0.9922445335270299   
0.4704171406199154   0.5911647100532144   0.4704171406199154   0.5911647100532144   0.9852040711828712   1.0066326556640401   
