44 2 1 3 1 1 0 2 4 0 1 3 1 4 1 1 2 2 2 0 1 1 4 5 2 1 1 3 0 7 
64 5 4 6 3 0 1 3 6 2 5 5 5 0 0 3 8 4 4 4 3 3 9 8 4 3 3 4 2 23 
72 8 0 8 0 2 2 5 8 4 6 6 8 2 2 6 14 0 6 6 5 0 11 10 7 5 0 7 0 65 
83 11 0 14 1 3 4 7 10 8 7 10 10 5 4 9 15 2 8 7 6 2 12 11 9 6 1 8 0 102 
91 0 1 17 0 6 6 8 12 9 12 12 12 6 0 10 16 0 12 10 7 5 15 13 11 10 4 11 1 140 
98 0 2 18 2 7 0 11 15 11 15 16 13 8 1 14 18 2 0 0 8 7 19 0 14 0 6 12 0 188 
105 2 5 0 0 10 1 13 17 12 16 18 16 11 4 16 19 3 2 1 0 9 21 1 16 1 11 15 0 232 
112 3 6 1 2 0 2 14 0 13 19 0 17 12 10 17 22 6 3 2 5 10 22 4 18 2 12 16 1 281 
127 6 0 2 4 4 6 17 1 15 20 6 0 13 14 20 23 7 4 5 7 0 24 6 20 5 0 0 0 314 
140 7 2 4 5 0 7 0 2 16 24 10 1 15 18 0 24 10 7 6 8 2 0 7 25 0 0 2 1 357 
