39 1 0 1 1 3 3 4 3 2 0 3 2 2 3 3 2 5 1 0 3 2 2 2 3 0 2 3 1 4 
50 2 1 2 4 8 0 6 0 0 1 5 3 4 8 5 4 7 2 2 5 0 3 3 5 2 7 0 0 47 
93 4 3 3 5 10 3 7 3 4 3 6 5 5 9 9 6 10 5 3 6 1 4 4 11 4 8 2 0 50 
144 8 5 4 0 12 5 8 5 7 4 7 7 6 0 12 8 12 7 6 0 4 5 6 13 6 10 5 0 0 
181 9 0 7 2 14 7 9 6 8 7 9 10 7 0 0 0 13 12 10 1 7 8 7 14 7 13 6 2 15 
202 11 0 9 5 16 8 11 9 9 8 14 12 8 4 0 1 15 14 12 4 9 9 9 16 8 15 8 0 43 
207 14 1 11 7 0 0 0 10 0 9 16 13 0 5 2 5 21 17 0 6 10 12 12 0 9 18 10 0 94 
211 15 3 13 0 1 2 0 11 1 16 20 14 2 6 3 9 24 0 1 7 13 14 13 1 12 20 11 0 142 
218 17 4 0 3 5 3 2 12 2 19 24 15 5 8 4 10 25 5 0 10 14 18 16 3 13 21 13 0 182 
0 20 5 1 7 8 9 3 16 3 20 26 0 7 12 8 0 27 7 3 13 15 19 17 4 15 0 16 0 226 
