0.5   0.5   0.5   0.5   0.0   0.0   
0.6666666444444473   0.738955883524164   0.6666666444444473   0.738955883524164   1.016949074074074   0.4916087191358025   
0.9351959654996865   1.220883342089689   0.9351959654996865   1.220883342089689   1.016388811728395   1.000002314814815   
1.0198819710238114   1.0331594559601605   1.0198819710238114   1.0331594559601605   0.9649119598765432   1.0169472222222222   
0.6152952771309084   0.6857977912570679   0.6152952771309084   0.6857977912570679   0.9491015432098765   1.0169481481481482   
0.7748599778871224   0.8197207262177737   0.7748599778871224   0.8197207262177737   0.9663748456790124   0.9002818672839507   
0.8890208342211942   1.0087939842736575   0.8890208342211942   1.0087939842736575   0.9830507716049383   1.0002823302469137   
0.7329700362050655   0.8521176201260882   0.7329700362050655   0.8521176201260882   0.9669443672839506   1.0169489969135803   
0.5716710026234466   0.6388064752638201   0.5716710026234466   0.6388064752638201   0.982777700617284   1.0169489969135803   
0.833909048010265   0.9732170105735454   0.833909048010265   0.9732170105735454   0.9830601851851851   1.016949074074074   
