35 1 1 2 2 2 1 2 2 2 1 1 1 2 5 1 3 3 0 1 0 1 4 1 0 3 1 3 1 18 
64 0 3 3 0 5 3 6 5 6 3 2 4 5 6 2 7 7 2 3 5 4 5 0 1 4 3 6 0 31 
98 1 0 4 0 0 6 0 10 8 6 5 8 0 9 3 11 8 3 7 7 5 7 1 2 9 5 7 1 45 
125 2 3 5 3 1 8 1 11 10 8 0 13 3 10 5 12 10 0 11 8 8 8 2 4 11 8 10 3 65 
141 3 6 7 4 2 9 3 13 11 9 1 19 4 16 9 16 12 1 12 10 11 0 0 7 13 11 13 0 92 
154 6 8 8 6 4 13 5 0 13 11 3 22 0 0 11 18 14 2 0 12 12 3 3 9 15 13 15 1 129 
162 8 9 10 7 5 15 7 2 0 0 6 24 3 3 12 19 15 0 2 15 0 6 0 13 0 16 17 0 177 
177 9 11 11 0 8 18 8 5 0 6 9 0 4 7 14 0 0 3 3 19 3 9 2 16 2 17 18 1 208 
193 11 12 0 1 9 19 12 7 1 7 10 0 5 8 15 1 3 5 4 22 4 14 7 19 4 19 21 2 242 
206 12 0 0 3 11 0 15 10 3 10 12 2 0 9 17 4 6 7 0 25 6 15 10 22 5 23 22 4 278 
