30 2 1 2 2 1 5 2 2 2 0 1 3 2 3 3 1 4 1 3 2 1 0 2 0 3 0 2 1 19 
58 5 3 4 6 4 7 0 3 5 5 0 0 3 4 4 0 0 3 5 5 3 1 4 1 5 5 0 4 40 
78 6 6 6 10 6 8 4 4 7 7 1 1 7 0 0 2 3 4 7 7 0 2 5 2 7 6 0 5 75 
94 9 8 8 13 0 9 5 5 0 0 3 4 9 1 1 4 8 0 11 8 2 4 7 5 9 7 2 6 110 
127 11 10 9 16 2 10 0 7 1 0 7 0 12 5 0 5 0 1 13 10 4 0 8 7 0 10 5 7 134 
161 13 11 10 17 6 12 2 8 3 3 9 0 15 6 1 0 1 4 14 12 6 2 9 12 3 11 6 0 152 
200 16 16 11 0 8 0 5 10 0 0 11 2 18 8 0 4 2 7 15 13 7 4 12 14 4 15 0 1 164 
236 0 18 14 1 11 0 9 12 3 2 13 4 19 9 1 6 5 8 16 0 9 6 15 18 7 0 2 3 176 
266 1 19 16 5 12 2 10 14 4 8 14 6 23 12 2 7 10 9 17 3 10 8 17 19 10 1 3 4 191 
311 2 21 17 6 16 0 11 18 5 9 18 10 26 0 3 0 12 10 18 5 14 9 19 0 12 0 4 6 200 
