0.5   0.5   0.5   0.5   0.0   0.0   
0.2532061415976367   0.08333416666499997   0.2532061415976367   0.08333416666499997   0.0   0.8816336379432903   
0.4529415278219613   0.36310237328149664   0.4529415278219613   0.36310237328149664   0.6596098542458678   0.9485600269411516   
0.4628041090038428   0.6428701778642085   0.4628041090038428   0.6428701778642085   0.9813702916877366   0.9485505362200463   
0.4871993241463393   0.6353073310648037   0.4871993241463393   0.6353073310648037   0.9986110312496249   0.9488607947080342   
0.561597366145172   0.676977404575619   0.561597366145172   0.676977404575619   1.0155601079386063   0.965814423824011   
0.5567740375563356   0.5770620500057696   0.5567740375563356   0.5770620500057696   0.9322176697095109   0.9986063271604999   
0.5286756174354578   0.5991592525651893   0.5286756174354578   0.5991592525651893   0.9991706790334279   1.0166665882205277   
0.5616409605003793   0.606230131411541   0.5616409605003793   0.606230131411541   0.9994489210608911   1.01693518649299   
0.5548430849615634   0.6000576968669189   0.5548430849615634   0.6000576968669189   1.0166666679744716   1.0002824858749917   
