32 3 1 3 0 3 1 1 1 0 6 3 1 4 2 4 3 3 1 3 4 6 2 5 1 1 1 2 3 0 
62 6 3 5 3 6 4 3 3 4 8 0 0 6 0 8 7 6 4 9 8 8 4 8 6 0 3 5 0 1 
93 7 7 6 7 0 5 6 6 8 9 0 1 8 1 10 12 0 6 10 10 12 8 0 8 1 4 7 0 18 
103 0 8 8 8 4 6 8 8 11 0 2 0 12 2 11 14 3 0 11 13 13 11 1 9 3 9 0 1 61 
139 0 9 9 10 6 9 11 10 13 0 4 2 13 6 0 15 5 4 14 16 17 12 2 10 5 11 0 2 75 
172 1 10 10 13 7 12 12 11 15 1 6 3 0 8 2 16 0 5 15 20 20 14 0 0 6 14 1 0 103 
214 0 11 12 14 10 14 15 12 18 3 7 5 1 0 4 18 1 7 17 22 23 15 0 0 8 17 0 1 118 
257 1 16 16 0 0 0 16 14 20 4 0 7 2 0 6 20 2 0 19 23 25 17 2 3 9 20 1 4 131 
289 3 19 20 3 0 0 17 16 21 0 4 0 3 2 11 21 3 2 25 26 26 0 4 6 0 23 4 0 146 
305 5 21 24 5 2 4 19 18 23 2 0 3 8 4 0 23 6 4 0 27 29 0 5 11 2 0 6 0 175 
