0.5   0.5   0.5   0.5   0.0   0.0   
0.4900439569754329   0.3590476946982954   0.4900439569754329   0.3590476946982954   0.9928571428571429   0.6571428571428571   
0.3491623546582378   0.2827530255404719   0.3491623546582378   0.2827530255404719   0.6642857142857143   1.0   
0.23908503760849956   0.6272964675152729   0.23908503760849956   0.6272964675152729   0.5285714285714286   1.0   
0.2892910455980255   0.608006705377307   0.2892910455980255   0.608006705377307   0.8428571428571429   1.0   
0.40917218141697526   0.7133446567192606   0.40917218141697526   0.7133446567192606   0.9428571428571428   1.0   
0.4471567781673428   0.8392545891599313   0.4471567781673428   0.8392545891599313   0.95   1.0   
0.41092819801909625   0.8084226335730061   0.41092819801909625   0.8084226335730061   0.9857142857142858   1.0   
0.3675601421992107   0.7403470569321255   0.3675601421992107   0.7403470569321255   0.9857142857142858   1.0   
0.4621612728739983   0.9755014029857673   0.4621612728739983   0.9755014029857673   0.9928571428571429   1.0   
