0.5   0.5   0.5   0.5   0.0   0.0   
0.23725625185516183   0.28978966536071255   0.23725625185516183   0.28978966536071255   1.007194093625549   0.9032886087201766   
0.17646335514868453   0.5773016144210499   0.17646335514868453   0.5773016144210499   0.6835556608615322   0.9999489822132448   
0.19172599285263292   0.7013218785206036   0.19172599285263292   0.7013218785206036   0.5767243874141206   1.0071942446043156   
0.38079881869019644   0.5819740314704348   0.38079881869019644   0.5819740314704348   0.8064777302028542   1.007143224196153   
0.5047992636868626   0.7914802539916979   0.5047992636868626   0.7914802539916979   0.9141315230805513   1.0071942446043165   
0.5350617228043683   0.8987504335969055   0.5350617228043683   0.8987504335969055   0.9213757156055709   1.0071942446043165   
0.4195832377938489   0.8566314279265252   0.4195832377938489   0.8566314279265252   0.9285196766226981   1.0071942446043165   
0.39409275332508076   0.805299442071391   0.39409275332508076   0.805299442071391   0.9643363676033935   1.0071942446043165   
0.4900612914352697   0.9915351745281985   0.4900612914352697   0.9915351745281985   0.9714282069593663   1.0071942446043165   
