50 0 4 0 1 3 2 0 1 1 3 4 1 1 2 1 1 1 0 0 1 1 3 2 5 1 3 0 1 7 
60 2 6 1 4 5 0 3 2 4 7 7 4 0 0 3 4 2 4 2 4 4 5 5 7 3 5 3 0 38 
106 3 8 0 6 6 4 6 0 5 8 12 0 2 1 4 5 5 6 4 6 5 7 9 9 4 0 7 0 44 
147 5 0 2 0 7 7 7 3 7 9 15 1 4 3 7 8 8 9 0 10 8 8 12 0 6 2 8 0 52 
182 6 2 3 3 9 9 8 4 9 0 0 0 7 5 10 0 10 13 6 14 0 11 15 2 8 4 10 0 64 
223 8 6 0 4 11 12 9 5 11 0 0 1 8 10 12 1 15 15 0 16 1 0 18 4 11 6 11 0 76 
265 0 0 3 7 12 16 13 6 14 3 1 2 10 13 0 3 17 18 3 18 4 0 20 0 12 10 12 0 82 
307 4 3 4 9 13 18 15 7 15 5 2 3 11 15 4 5 18 19 6 20 5 3 21 0 13 11 16 0 92 
346 5 4 5 0 17 21 0 8 16 0 4 6 13 18 6 0 22 21 8 22 7 6 22 3 16 13 20 1 100 
387 6 0 8 6 0 22 3 9 17 2 6 7 15 21 0 2 23 26 12 23 10 8 24 7 0 14 22 2 105 
