33 3 3 7 0 0 1 2 2 3 3 2 4 0 2 3 2 3 3 2 1 4 2 4 1 2 4 2 2 0 
66 4 5 9 2 0 4 4 6 0 4 7 8 0 5 5 4 5 8 3 3 6 4 8 3 0 5 9 3 5 
88 7 8 0 0 1 0 5 9 0 6 8 10 1 8 7 6 8 11 5 5 7 6 12 7 4 6 12 0 30 
96 8 11 1 1 0 4 8 10 3 7 9 11 3 13 8 10 11 0 8 6 0 11 0 11 5 7 13 0 71 
106 0 12 3 3 3 6 10 0 6 8 13 13 5 15 0 11 12 2 10 8 2 13 1 13 0 9 0 0 118 
111 0 13 9 5 5 0 14 2 0 9 16 0 7 18 1 13 16 4 11 13 4 19 2 14 1 10 3 1 156 
118 2 14 10 6 6 2 18 4 1 10 18 2 9 0 6 15 17 8 12 15 7 21 5 0 2 12 0 0 201 
128 5 15 14 7 7 5 19 5 3 11 19 0 10 1 7 16 20 11 13 17 9 22 7 1 6 15 1 0 245 
136 0 18 15 9 0 0 20 6 0 13 20 0 13 2 8 22 21 13 16 0 12 0 8 0 8 16 6 1 296 
143 1 20 18 0 0 4 21 7 3 16 22 1 16 3 9 25 23 14 0 2 15 1 12 1 0 17 10 2 340 
