0.5   0.5   0.5   0.5   0.0   0.0   
0.38290687619198166   0.014285864285688149   0.38290687619198166   0.014285864285688149   1.0016957023144872   0.47312461861424404   
0.4650208924558143   0.4676718307533534   0.4650208924558143   0.4676718307533534   0.9752790320134512   0.8395648338370965   
0.41681745585146646   0.52242929004243   0.41681745585146646   0.52242929004243   0.9473778918100028   0.9402350448749461   
0.4273163432128166   0.5166036426176471   0.4273163432128166   0.5166036426176471   0.9335582854933766   0.9907011503525126   
0.42656843176232306   0.4957704818924157   0.42656843176232306   0.4957704818924157   0.9705499192623253   0.9991213529283572   
0.4035155257121706   0.5188758079155376   0.4035155257121706   0.5188758079155376   0.9779996274948275   0.9994282088151107   
0.40089316879241177   0.5784626841369027   0.40089316879241177   0.5784626841369027   1.007036804843479   1.0070368075023415   
0.39790007846542513   0.5942509960633747   0.39790007846542513   0.5942509960633747   1.0071406599900692   1.0071406731356336   
0.39137127515081577   0.5956407788460556   0.39137127515081577   0.5956407788460556   0.9928571427617832   1.0071428597063596   
