23 0 3 6 3 2 3 2 1 2 1 2 1 2 2 4 3 2 1 1 3 3 3 1 4 1 1 1 1 18 
48 1 4 7 0 3 5 4 3 5 2 3 4 3 4 7 7 3 4 3 6 6 4 5 0 0 4 3 0 43 
70 2 6 8 4 6 9 5 0 7 4 4 0 5 11 0 11 6 6 5 7 0 6 9 1 2 7 6 0 64 
89 3 7 12 5 11 14 8 1 10 0 6 2 7 12 0 12 8 7 9 9 0 10 10 0 3 8 0 0 97 
108 8 8 14 9 12 17 0 3 13 1 10 4 8 13 3 15 11 9 12 10 1 11 14 1 0 10 0 1 123 
122 11 9 16 0 14 19 4 0 17 2 12 6 11 15 6 17 14 10 14 0 0 0 17 2 4 11 2 0 159 
132 14 14 18 1 0 22 7 2 21 3 0 8 13 16 0 19 16 12 17 1 2 2 21 0 5 12 0 0 200 
147 15 0 21 4 0 23 8 5 22 6 5 13 14 18 2 21 19 0 0 2 7 0 22 2 6 13 1 1 236 
164 0 1 0 5 6 25 10 6 23 10 7 16 16 21 3 24 20 3 2 0 11 1 23 0 9 16 2 2 267 
174 0 2 0 0 9 28 11 12 25 12 10 19 0 22 6 0 24 7 0 1 0 3 24 1 11 18 4 5 307 
