33 2 3 3 2 5 2 6 4 2 1 4 3 2 3 3 0 0 4 1 0 4 0 4 2 3 0 2 2 0 
38 4 7 6 3 7 4 8 9 4 4 5 8 7 8 6 2 2 6 4 0 6 3 0 5 6 2 5 0 25 
77 5 8 12 6 10 5 11 13 5 6 7 9 9 11 9 4 5 0 5 2 8 4 1 0 7 4 6 1 33 
115 9 10 14 0 0 7 0 14 0 8 11 13 0 13 0 7 7 3 8 4 0 8 3 2 0 7 0 0 48 
160 11 11 16 2 0 10 2 17 0 10 12 16 1 15 4 8 9 4 11 5 3 9 0 3 0 8 2 0 59 
192 12 17 18 0 1 11 5 21 1 13 14 17 3 18 0 10 11 6 12 7 4 11 3 5 1 11 4 0 74 
230 14 18 19 2 3 0 7 22 6 15 0 18 8 0 2 14 12 9 15 0 7 12 4 8 2 14 0 1 86 
276 17 21 22 4 4 1 8 23 0 18 1 19 10 1 3 16 0 13 18 3 8 13 5 11 0 16 2 0 94 
290 21 23 0 5 6 2 9 26 0 19 3 21 13 5 4 18 4 14 20 7 10 15 10 12 0 17 3 0 128 
305 27 24 0 6 0 3 10 27 4 21 4 23 17 0 5 19 6 0 23 11 11 0 0 0 3 20 0 0 171 
