0.5   0.5   0.5   0.5   0.0   0.0   
0.49275362324091543   0.539403800870455   0.49275362324091543   0.539403800870455   1.0169491525423728   0.4943032015066925   
0.9147963014564833   1.1325727640306336   0.9147963014564833   1.1325727640306336   1.0144489158307612   0.5162546140585705   
0.8479746902502685   1.1802657302306518   0.8479746902502685   1.1802657302306518   0.999995130828802   0.55019452291238   
0.5477445835464326   0.8393327676044655   0.5477445835464326   0.8393327676044655   1.0163888862096866   0.7502176710608914   
0.705256664679567   1.0423416238161367   0.705256664679567   1.0423416238161367   0.9827732252643339   0.9169167451349655   
0.9019978507834497   1.27407217058587   0.9019978507834497   1.27407217058587   0.9827730696366253   1.0169491525423728   
0.7282827178507317   1.0908834438603   0.7282827178507317   1.0908834438603   1.0161158178369283   1.0169445229127434   
0.5683154916418183   0.8562742924698887   0.5683154916418183   0.8562742924698887   1.0161158191229425   1.0169491525423728   
0.8260339781393982   1.2663744371098231   0.8260339781393982   1.2663744371098231   1.0161158165512831   1.0169491525423728   
