0.5   0.5   0.5   0.5   0.0   0.0   
0.3101743615295238   1.2820512491781737E-8   0.3101743615295238   1.2820512491781737E-8   1.0169491525423728   0.4916040502721305   
0.5950388439481865   0.32145554567739726   0.5950388439481865   0.32145554567739726   0.9499998431280721   0.8919444457304557   
0.7646845792592031   0.8638150299286764   0.7646845792592031   0.8638150299286764   0.7324763849857407   1.016666745134963   
0.49163837546690975   0.5435431214675014   0.49163837546690975   0.5435431214675014   0.9166522337308405   1.0169491525423715   
0.6470067251361822   0.7472057149103423   0.6470067251361822   0.7472057149103423   0.9655459876110787   1.0169491523923377   
0.7773470195453142   0.947567621187126   0.7773470195453142   0.947567621187126   0.9494398160790262   1.0169491525209393   
0.6217771930453623   0.7694429479608964   0.6217771930453623   0.7694429479608964   0.9499954487743626   1.0169491525423726   
0.5335853095874717   0.5766684297772044   0.5335853095874717   0.5766684297772044   0.9500000784243541   1.0169491525423726   
0.7538991111446595   0.884771167636428   0.7538991111446595   0.884771167636428   0.9502777018815074   1.0169491525423728   
