0.5   0.5   0.5   0.5   0.0   0.0   
0.4149465262702329   0.4009523690159278   0.4149465262702329   0.4009523690159278   0.6729183699539055   0.8443472837249543   
0.35900314912838455   0.41239401071320625   0.35900314912838455   0.41239401071320625   0.9817046803309666   0.9817048097041449   
0.3565833889334813   0.4452162851793698   0.3565833889334813   0.4452162851793698   0.9835524337431378   0.9764096045834126   
0.4390893067904817   0.46377623626449105   0.4390893067904817   0.46377623626449105   0.9408545631058303   0.962283152625822   
0.3912932557749497   0.5355265083757793   0.3912932557749497   0.5355265083757793   0.9697835223940426   0.9840692341696421   
0.4388385903296472   0.5591771994001634   0.4388385903296472   0.5591771994001634   0.9918801046594183   0.9990229618022755   
0.45291509002172103   0.5684013421653488   0.45291509002172103   0.5684013421653488   0.999588192436416   0.9924453352935588   
0.4514028912083612   0.5946288670416621   0.4514028912083612   0.5946288670416621   0.9711723761109496   0.9997438072854603   
0.4642258690988603   0.6065541455882616   0.4642258690988603   0.6065541455882616   0.9856118778814458   0.9998975973733242   
