48 0 2 1 1 3 1 4 2 2 2 0 1 2 0 1 1 0 1 0 1 0 3 2 1 3 2 3 0 13 
91 3 4 2 3 9 2 0 4 4 3 1 2 0 2 5 4 1 2 0 2 0 5 3 2 4 6 6 3 21 
132 0 6 4 5 12 4 0 5 5 5 3 6 1 5 10 5 6 7 1 3 1 0 5 3 0 8 7 5 28 
140 1 9 7 7 13 5 1 8 8 6 5 7 2 9 14 7 8 9 0 0 2 1 7 5 4 0 10 0 70 
143 3 10 11 9 17 7 5 10 9 8 8 0 4 15 0 8 9 11 3 1 4 2 8 9 0 0 12 2 112 
153 6 12 13 10 19 11 7 11 12 9 9 1 5 19 2 9 0 13 4 2 7 0 10 10 1 1 14 3 156 
157 8 18 14 11 22 13 0 14 17 11 10 3 7 0 6 0 3 0 7 3 0 1 14 12 2 3 16 4 198 
161 10 19 19 13 23 15 1 16 20 17 12 6 8 2 8 1 8 2 10 5 1 3 15 13 3 4 17 0 238 
171 12 20 22 14 24 17 0 18 22 21 15 0 11 3 9 0 10 3 11 6 3 7 17 15 4 5 0 0 285 
174 0 22 23 15 27 0 3 24 23 22 16 2 15 4 12 1 13 9 12 10 6 8 20 17 8 10 0 1 319 
