47 4 1 1 3 2 2 1 3 0 0 0 4 2 3 1 2 2 3 2 3 1 0 1 2 1 0 2 2 5 
57 0 0 3 4 4 0 3 5 3 0 3 6 5 0 2 4 4 6 5 4 5 1 4 4 5 1 4 0 46 
112 2 1 5 6 5 2 4 9 4 1 6 9 6 1 3 5 6 0 8 7 6 3 5 6 6 2 6 0 0 
153 6 2 8 7 8 0 7 11 7 3 9 12 7 0 4 6 8 1 0 8 0 6 8 8 9 9 11 0 1 
200 8 5 11 9 9 3 8 13 9 4 15 14 9 0 6 8 11 4 0 9 2 0 0 0 15 10 12 0 3 
242 10 8 15 11 11 0 10 15 10 5 18 15 11 2 0 10 12 6 2 0 0 3 2 1 0 0 14 0 19 
295 13 10 0 13 12 2 14 16 11 6 19 0 12 3 3 11 13 8 0 1 3 4 4 3 1 0 17 0 26 
345 0 12 0 14 16 3 0 18 12 8 0 4 15 5 7 16 0 9 1 3 7 5 0 4 0 2 21 0 29 
382 0 14 4 17 17 0 2 21 15 10 1 5 16 10 9 19 1 13 5 9 8 6 0 8 4 4 22 0 31 
427 0 16 6 21 19 2 3 27 17 12 0 8 19 12 12 0 3 15 6 0 9 8 3 9 5 7 23 0 35 
