0.5   0.5   0.5   0.5   0.0   0.0   
0.3500000822220868   0.3388891281476807   0.3500000822220868   0.3388891281476807   0.0   0.9480272272990548   
0.5930002953330243   0.6238609788211757   0.5930002953330243   0.6238609788211757   0.6943268309040979   0.9824760004490192   
0.49534517313241994   0.5902907559047765   0.49534517313241994   0.5902907559047765   0.9996895048614624   0.9158091756036675   
0.57009211960024   0.6487870471047572   0.57009211960024   0.6487870471047572   0.9999768505208271   0.9158143465784672   
0.5186039653807691   0.680782454388422   0.5186039653807691   0.680782454388422   1.0169260017989767   0.9660969070637335   
0.5173024484291212   0.683460300508257   0.5173024484291212   0.683460300508257   1.0155369611618252   0.9666434387860083   
0.5680888004871907   0.6223096319824113   0.5680888004871907   0.6223096319824113   1.0166528446505572   1.000277776470342   
0.554729692212098   0.5805124520013021   0.554729692212098   0.5805124520013021   0.9666574820176815   0.9836155864415498   
0.5662830458321718   0.5869778469217797   0.5662830458321718   0.5869778469217797   0.9836111111329078   1.0166713747645832   
