0.5   0.5   0.5   0.5   0.0   0.0   
0.518645856205669   0.021429528569514248   0.518645856205669   0.021429528569514248   0.007156065199804199   0.9754723941283064   
0.48753032422585746   0.337622303587411   0.48753032422585746   0.337622303587411   0.6071645528831338   0.9853788394859204   
0.5435255525413935   0.503790849790227   0.5435255525413935   0.503790849790227   0.80681256983454   0.9783431825460005   
0.511255113698009   0.42663776202586723   0.511255113698009   0.42663776202586723   0.9277382467661616   0.999932124634997   
0.5088553531507324   0.4417919655229326   0.5088553531507324   0.4417919655229326   0.9781537326678247   1.0070823042477999   
0.5074992709299914   0.4735232196510092   0.5074992709299914   0.4735232196510092   0.9784617034346982   1.0071351728630933   
0.5239972110924447   0.5407208465057829   0.5239972110924447   0.5407208465057829   0.9997372266014684   1.0000433491438134   
0.5289941673106638   0.5345666331737091   0.5289941673106638   0.5345666331737091   0.9999923443538835   1.0071862219051695   
0.5361265619710623   0.5737019780583469   0.5361265619710623   0.5737019780583469   1.0071862271105387   1.0071862271114684   
