29 2 0 2 1 6 0 2 4 2 2 2 3 2 2 3 1 2 3 3 1 5 1 0 3 0 2 3 0 14 
49 7 1 6 2 8 3 5 5 3 0 3 4 3 3 8 4 5 5 4 0 6 0 1 4 2 3 6 3 43 
60 11 0 8 5 11 7 6 7 4 2 4 0 7 4 12 0 7 6 6 0 8 0 0 5 0 8 0 4 86 
67 15 2 0 6 0 0 9 11 6 4 0 4 9 0 0 2 11 9 7 2 11 0 1 10 4 12 1 5 124 
81 0 3 3 9 1 0 10 13 8 5 2 6 10 2 2 4 14 10 10 5 12 1 5 13 0 14 3 0 162 
94 2 9 4 12 2 5 12 0 11 6 0 7 0 3 4 7 16 11 11 7 14 2 0 15 0 16 5 0 203 
108 3 11 0 16 5 7 13 3 12 9 2 8 1 4 5 9 20 13 13 9 17 4 1 16 1 0 8 1 239 
123 5 16 1 17 7 11 14 5 0 0 0 0 2 6 6 10 21 14 18 12 19 6 4 20 3 0 9 2 276 
137 6 21 4 19 0 12 0 7 0 1 2 1 4 8 11 14 23 16 0 14 21 9 6 0 6 0 12 3 311 
150 7 22 6 20 1 13 3 0 1 3 5 3 6 9 12 0 0 17 3 17 23 13 8 2 8 3 15 0 351 
