44 2 2 1 2 4 4 0 3 0 2 4 2 1 2 2 0 2 3 2 1 1 2 0 1 2 2 3 0 6 
86 5 4 0 5 6 6 2 5 3 3 7 0 0 3 4 3 4 8 3 3 0 3 2 2 3 3 0 0 19 
109 11 5 2 0 10 9 3 0 4 5 9 0 2 4 7 5 8 10 7 4 2 6 4 4 0 4 1 0 44 
124 0 0 6 1 0 12 6 1 7 0 10 5 3 6 8 0 10 0 12 0 5 7 5 5 1 5 4 1 85 
136 4 1 10 6 0 15 7 2 0 1 11 6 6 0 0 3 14 5 14 3 0 9 7 6 5 7 6 0 118 
150 9 4 13 8 4 0 10 4 2 3 0 7 7 3 0 5 16 6 16 0 2 11 9 9 7 11 7 1 149 
159 14 0 0 12 0 3 12 0 4 5 2 10 8 6 0 8 19 0 18 0 5 12 12 11 8 12 8 3 191 
171 17 2 2 15 2 5 13 3 0 6 4 11 10 0 6 9 0 0 19 2 6 14 15 12 9 0 10 4 234 
181 18 4 3 0 3 6 14 5 1 11 6 13 11 1 7 13 1 1 22 5 8 0 19 14 11 1 11 5 277 
193 21 0 0 0 5 9 18 10 2 13 9 14 14 2 8 14 3 3 0 6 0 3 26 18 13 2 0 6 312 
