0.5   0.5   0.5   0.5   0.0   0.0   
0.01428668571234282   0.8479963158385223   0.01428668571234282   0.8479963158385223   0.007154617886179248   0.9614403347187968   
0.6010688093004066   0.7940935135336337   0.6010688093004066   0.7940935135336337   0.7642057249769979   0.9927771552727027   
0.5260451775605222   0.7713866033031089   0.5260451775605222   0.7713866033031089   0.8854382806262636   0.9784484849130881   
0.5507031911234117   0.7370451350439587   0.5507031911234117   0.7370451350439587   0.9068716105823308   0.964167529135745   
0.5753451976952272   0.7621316267657819   0.5753451976952272   0.7621316267657819   0.9212674170910132   0.9714204784277277   
0.6153206996909217   0.761099553968121   0.6153206996909217   0.761099553968121   0.9642313618762022   0.9786191170341562   
0.5770330832571565   0.7585060732971592   0.5770330832571565   0.7585060732971592   0.9999463947313525   0.9929055784234151   
0.5664490727309089   0.7507819132067458   0.5664490727309089   0.7507819132067458   0.9854569814837139   0.985763103933756   
0.5594704678658318   0.7471400206969102   0.5594704678658318   0.7471400206969102   0.9857131820260875   0.9786213452915262   
