0.5   0.5   0.5   0.5   0.0   0.0   
0.5665790754267853   0.41904762058956935   0.5665790754267853   0.41904762058956935   1.0169491525423728   0.4915267341712022   
1.0066325116634065   0.8592092014042799   1.0066325116634065   0.8592092014042799   0.9491666640521345   0.7981990740955076   
0.9869482875853406   0.8453181772424678   0.9869482875853406   0.8453181772424678   0.8955412730830957   1.0169444457522494   
0.6007262910097286   0.5924638157483694   0.6007262910097286   0.5924638157483694   0.9652775372288473   1.0169491525423728   
0.7930708162473679   0.6949448821361977   0.7930708162473679   0.6949448821361977   0.9994257664601847   1.0169491525398722   
0.9226009784626993   0.8959495298256048   0.9226009784626993   0.8959495298256048   0.9824906636013171   1.0169491525420156   
0.7677321201819601   0.73687318200138   0.7677321201819601   0.73687318200138   0.999166590812906   1.0169491525423728   
0.6135604113245312   0.6177244949580427   0.6135604113245312   0.6177244949580427   1.0158333346404058   1.0169491525423728   
0.9250124375930022   0.9453661871188926   0.9250124375930022   0.9453661871188926   0.9825046283646918   1.0169491525423728   
