36 2 1 2 1 1 2 1 3 1 1 2 4 6 4 1 3 1 2 1 1 1 2 3 3 3 1 1 2 8 
85 3 3 5 5 4 4 2 5 3 4 3 8 8 5 3 0 2 0 3 2 3 0 5 0 5 4 3 0 11 
105 0 5 6 8 0 0 3 7 8 6 5 0 0 10 0 2 3 1 0 4 8 0 9 3 8 6 7 0 41 
121 1 7 0 12 3 1 0 12 11 8 6 5 2 12 1 3 4 3 1 6 0 1 10 6 0 8 0 0 79 
128 3 9 2 15 5 3 1 14 15 12 8 7 8 14 5 0 7 4 2 8 1 3 12 9 1 11 0 0 113 
143 4 10 0 18 8 5 3 0 17 13 10 9 11 15 0 1 9 6 3 10 4 4 15 12 2 14 1 0 152 
149 6 12 1 20 9 8 5 4 19 17 11 11 15 16 2 3 0 7 4 13 5 6 0 0 0 15 4 1 198 
156 7 0 3 0 11 0 0 6 20 21 14 14 17 21 3 9 3 8 5 15 9 7 1 1 2 16 6 0 240 
163 9 1 7 3 13 4 3 9 21 0 16 0 19 0 5 11 4 10 6 16 10 8 2 0 4 18 9 1 286 
170 11 4 0 5 16 0 6 12 23 1 18 3 20 2 7 12 6 16 7 18 12 9 5 2 0 20 0 0 328 
