0.5   0.5   0.5   0.5   0.0   0.0   
0.3595237243312645   0.11666743333179998   0.3595237243312645   0.11666743333179998   0.0   0.8810965958452822   
0.5496643533457798   0.5951855201740669   0.5496643533457798   0.5951855201740669   0.595475285123901   0.8160969881457425   
0.45293900325395753   0.5097659617366895   0.45293900325395753   0.5097659617366895   0.9330500758515572   0.7819303921662442   
0.530323986579292   0.6080917990986834   0.530323986579292   0.6080917990986834   0.999712498649286   0.8988609489232415   
0.5991614171337026   0.5247168817350916   0.5991614171337026   0.5247168817350916   1.0163885789826896   0.931925766439436   
0.5885892645613098   0.49373870524273505   0.5885892645613098   0.49373870524273505   0.9836109542395167   0.9827777777995325   
0.5873012108398518   0.553677566826925   0.5873012108398518   0.553677566826925   1.0144445203407086   0.9997175939000106   
0.568382228863669   0.5746020888835729   0.568382228863669   0.5746020888835729   1.0161158192079551   0.9666713747645712   
0.5868109986063862   0.5396935715913471   0.5868109986063862   0.5396935715913471   1.0000047080972077   1.0169491499703267   
