43 2 2 3 2 3 1 1 1 1 4 2 2 2 2 1 2 2 0 1 2 0 2 5 1 3 3 0 0 7 
80 5 4 6 0 4 0 4 2 2 5 3 4 4 0 3 3 3 1 4 5 3 5 6 5 8 4 2 0 20 
100 0 6 0 0 7 3 5 3 3 6 5 6 0 4 0 5 5 0 10 6 5 10 0 7 10 5 4 2 53 
114 2 8 1 2 9 4 8 5 4 8 7 8 2 6 1 6 0 0 12 8 0 12 1 11 12 7 8 3 91 
136 5 9 3 4 11 7 10 10 6 0 9 9 4 0 0 9 2 1 14 9 4 13 5 13 0 9 10 0 118 
144 9 0 4 5 12 14 0 0 8 3 12 11 6 2 0 10 3 3 15 10 7 0 6 15 3 0 0 0 167 
153 12 1 5 9 13 0 3 1 9 5 13 14 9 4 3 0 6 5 17 11 0 2 0 16 4 2 2 0 213 
156 14 3 0 10 14 0 6 3 11 7 0 16 11 5 4 2 11 6 19 12 1 3 5 19 6 0 3 0 265 
165 0 7 4 12 18 0 8 5 12 9 3 0 0 0 5 4 14 8 20 13 3 6 7 20 0 1 5 0 311 
172 2 8 5 13 21 0 10 7 13 13 6 1 3 2 7 6 16 10 22 14 6 7 10 21 3 5 0 1 351 
