39 1 1 1 1 4 2 3 1 3 3 3 2 2 4 2 1 1 3 4 2 4 1 0 2 1 3 1 0 5 
49 2 4 3 2 5 4 0 6 0 5 5 3 4 0 3 4 3 7 5 5 7 4 4 3 2 4 2 0 45 
88 4 0 0 4 8 0 4 0 1 9 9 6 6 2 4 5 6 9 6 9 8 6 7 4 4 0 3 1 56 
125 5 1 2 9 10 3 6 1 2 10 0 0 0 0 8 10 9 10 11 13 11 8 8 0 6 3 6 0 64 
169 7 0 0 12 0 5 8 2 5 0 0 1 1 0 12 11 11 13 13 17 13 10 0 1 9 6 8 0 76 
214 8 2 1 15 2 6 9 3 0 2 4 2 2 0 0 12 13 14 14 18 14 12 0 2 11 11 16 0 86 
258 11 3 2 17 4 8 0 6 3 4 0 0 5 3 3 16 0 18 15 19 17 13 1 4 14 0 0 2 92 
289 14 4 6 18 6 9 1 7 6 5 1 1 7 7 5 17 2 20 18 20 18 15 3 5 19 3 4 0 106 
298 16 6 7 20 7 10 2 9 10 7 2 3 10 8 6 18 3 22 19 22 20 16 4 7 21 4 6 1 152 
303 0 7 9 24 11 13 0 10 12 0 0 5 11 0 8 21 5 0 21 24 21 17 6 9 22 5 8 3 204 
