0.5   0.5   0.5   0.5   0.0   0.0   
0.014286205713366825   0.4283674380986811   0.014286205713366825   0.4283674380986811   0.007052941501340507   0.9206753929068455   
0.6685990028671659   0.3782488201468539   0.6685990028671659   0.3782488201468539   0.7499699205311641   0.9998678805676126   
0.5696033794106955   0.47625222476088214   0.5696033794106955   0.47625222476088214   0.8784994843098742   0.9853872395791232   
0.5914872428098157   0.4355345406482464   0.5914872428098157   0.4355345406482464   0.9281514731758636   0.9998351467020938   
0.55035608362406   0.48137537273969644   0.55035608362406   0.48137537273969644   0.9640192235744509   0.9927437135196481   
0.4961508290814794   0.49168273372550453   0.4961508290814794   0.49168273372550453   0.9641245443672651   0.9928490342379557   
0.49485805437901575   0.5085372114030922   0.49485805437901575   0.5085372114030922   0.97137273792183   1.0070870236361158   
0.5067486309349347   0.5515167273447744   0.5067486309349347   0.5515167273447744   0.978568101814109   1.0071905508122942   
0.5167174291064792   0.6096915060801766   0.5167174291064792   0.6096915060801766   0.9857627394834155   1.0071913108564725   
