33 2 2 2 1 2 3 0 3 1 3 1 2 3 2 4 2 1 1 3 7 6 2 2 4 3 3 2 0 0 
71 0 4 3 3 5 6 3 8 4 0 3 6 0 5 5 3 2 2 4 13 8 0 7 7 7 5 5 0 1 
96 4 6 5 4 7 8 0 9 5 1 5 8 4 10 6 0 6 4 7 0 12 0 8 8 9 9 7 0 23 
112 5 9 6 6 8 11 1 12 7 3 7 9 8 13 7 0 11 8 8 1 13 3 10 10 0 12 9 2 51 
126 0 10 9 7 0 12 2 15 8 5 9 11 9 14 8 3 13 10 10 0 17 5 12 11 1 13 12 3 93 
136 0 13 0 9 2 0 5 16 0 7 10 13 12 16 10 0 14 0 12 2 18 6 15 13 4 14 14 0 142 
142 3 16 0 12 0 1 6 0 1 9 11 16 15 17 13 3 16 1 13 0 22 7 17 16 6 19 16 0 185 
148 5 17 0 14 0 2 11 2 0 12 15 20 0 20 16 0 17 4 14 4 25 8 18 19 8 22 19 0 224 
157 8 18 1 0 2 6 13 3 0 14 18 23 3 25 18 5 21 0 15 6 26 9 21 23 0 23 21 0 259 
166 9 20 3 1 5 7 15 6 2 20 19 24 6 27 21 8 23 2 16 0 0 11 22 25 1 0 0 2 301 
