0.5   0.5   0.5   0.5   0.0   0.0   
0.3624049224302949   0.01428668571234282   0.3624049224302949   0.01428668571234282   0.007155695543523531   0.9847067159516868   
0.4697254820592285   0.23163313898777718   0.4697254820592285   0.23163313898777718   0.6285467982090795   0.971352920658059   
0.4111836307065391   0.4016859477661082   0.4111836307065391   0.4016859477661082   0.8924783423573511   0.9498763015410245   
0.37937676541657694   0.49230386335513776   0.37937676541657694   0.49230386335513776   0.8990163004997918   0.9927918107038733   
0.3839195642394403   0.5342300002133374   0.3839195642394403   0.5342300002133374   0.9565210563306956   1.0071333012286547   
0.369660068294089   0.5820585062149376   0.369660068294089   0.5820585062149376   0.9568290399833403   1.00713516243232   
0.38009710178962985   0.6384800160562722   0.38009710178962985   0.6384800160562722   0.9997911625364432   1.0071891217201165   
0.3729835095251955   0.6523392773176291   0.3729835095251955   0.6523392773176291   0.9784668263223657   1.0071402957101208   
0.3906280907412913   0.6399323761849178   0.3906280907412913   0.6399323761849178   0.9857634761557684   1.0071410271761765   
