0.5   0.5   0.5   0.5   0.0   0.0   
0.06666696333285389   0.2566671053324655   0.06666696333285389   0.2566671053324655   0.0   0.8647025809720614   
0.6240616300480653   0.3801625898227991   0.6240616300480653   0.3801625898227991   0.6615867625953016   0.9494394803658575   
0.4443997042247601   0.45312073287092064   0.4443997042247601   0.45312073287092064   0.8163839363615076   0.9647079087562752   
0.5738537610143143   0.472342891353022   0.5738537610143143   0.472342891353022   0.8997082457775885   0.9649674201785289   
0.46838900997920874   0.5039895363152096   0.46838900997920874   0.5039895363152096   0.9330602609525035   0.9655509181873595   
0.5103322061437001   0.5419689448670953   0.5103322061437001   0.5419689448670953   0.9661157356184985   1.0000046990304927   
0.5377395856822605   0.5672774155437674   0.5377395856822605   0.5672774155437674   1.0163935930423085   1.000282402284802   
0.5331824158133863   0.5631186596547428   0.5331824158133863   0.5631186596547428   1.0169489183380904   1.016949147376543   
0.5349609225762353   0.5869910055614588   0.5349609225762353   0.5869910055614588   1.0169489968703262   1.0163935905560497   
