37 0 3 3 3 2 2 4 4 5 2 1 4 2 2 1 1 0 1 2 3 2 1 1 3 2 0 0 1 8 
77 3 5 4 7 3 0 5 5 6 3 2 8 5 4 4 3 2 2 5 4 4 4 3 4 4 1 0 3 18 
108 5 0 7 10 4 3 7 8 0 4 3 11 6 5 6 6 3 3 6 7 7 8 5 0 0 2 1 0 41 
115 7 3 9 12 5 8 8 9 1 0 6 12 10 7 7 0 7 4 7 13 0 10 7 2 4 4 2 0 80 
124 8 5 12 0 6 11 10 12 7 2 8 14 11 12 8 1 10 5 0 18 1 11 0 3 9 0 3 0 118 
127 11 8 0 1 0 13 12 18 10 7 9 15 12 0 11 2 11 9 4 21 7 0 1 6 10 1 0 0 159 
0 0 9 1 6 3 14 13 21 12 8 13 0 14 2 12 4 15 10 7 27 8 2 2 7 15 3 2 0 202 
3 2 12 0 9 5 16 17 24 13 0 15 3 15 5 15 6 17 13 8 0 9 4 4 10 17 4 0 0 248 
7 3 14 2 11 7 17 20 26 15 0 16 0 18 0 17 7 18 19 11 3 12 0 8 12 19 0 2 0 294 
0 6 15 6 12 0 19 22 28 18 3 17 3 20 4 20 0 21 23 12 4 15 3 0 14 20 2 3 0 339 
