0.5   0.5   0.5   0.5   0.0   0.0   
0.42816317177794333   0.3714286419046459   0.42816317177794333   0.3714286419046459   0.007003360591437317   0.9704217300798096   
0.37685967712122287   0.3558768409745458   0.37685967712122287   0.3558768409745458   0.5570143653682562   0.9783919172811498   
0.35365288638637804   0.6828956076157988   0.35365288638637804   0.6828956076157988   0.8426328740625847   0.9853879763635764   
0.42380104167793825   0.6633958728811054   0.42380104167793825   0.6633958728811054   0.9282473421033806   0.9997779544788309   
0.4164774184282955   0.6878472639087083   0.4164774184282955   0.6878472639087083   0.9640130620606329   0.9998293887402582   
0.48683202640951506   0.7089599706077037   0.48683202640951506   0.7089599706077037   1.0070294902048231   1.0071315310956561   
0.47539255055230734   0.7183268990246574   0.47539255055230734   0.7183268990246574   0.9996887623646322   1.0071377420864902   
0.483539358230026   0.7307618448756872   0.483539358230026   0.7307618448756872   0.9854037873350979   0.9999446038109072   
0.4557584277889185   0.7281884151756906   0.4557584277889185   0.7281884151756906   0.9927514576513061   1.000047376111886   
