0.5   0.5   0.5   0.5   0.0   0.0   
0.10000079999839998   0.70404020828011   0.10000079999839998   0.70404020828011   0.0   0.7574899652777778   
0.5752305262100531   0.54361312610935   0.5752305262100531   0.54361312610935   0.740720585133745   0.9277590252057614   
0.42785306681605634   0.5626643213760031   0.42785306681605634   0.5626643213760031   0.9302540856481482   0.9082913554526749   
0.40576480647684626   0.4271086353114672   0.40576480647684626   0.4271086353114672   0.9810879591049383   0.9627585622427984   
0.4336258652154423   0.48983055222327415   0.4336258652154423   0.48983055222327415   1.0163657407407407   0.9983284696502058   
0.44985682743162975   0.4766034652114113   0.44985682743162975   0.4766034652114113   0.9988935956790124   1.014990586419753   
0.46493807170740864   0.5410513210052847   0.46493807170740864   0.5410513210052847   1.0160971386316873   0.9988935172325103   
0.5414512119648994   0.5252266593808382   0.5414512119648994   0.5252266593808382   0.9663610275205762   1.0158333333333334   
0.5386750223225467   0.5387863215763821   0.5386750223225467   0.5387863215763821   0.9833239904835391   1.015560106738683   
