0.5   0.5   0.5   0.5   0.0   0.0   
0.3980493969951047   0.29809545244404234   0.3980493969951047   0.29809545244404234   0.7142860813390105   0.7560143706565621   
0.7651759107367787   0.4285035421740474   0.7651759107367787   0.4285035421740474   0.46212462170998003   1.0000512052267203   
0.7285781282088302   0.4650358255915464   0.7285781282088302   0.4650358255915464   0.4980903104459089   1.0000512989566697   
0.5622113859608299   0.4425160815203114   0.5622113859608299   0.4425160815203114   0.863301727719066   1.0071847381486732   
0.5797016999700103   0.3943735110113095   0.5797016999700103   0.3943735110113095   0.9640768765979688   1.0071942315889062   
0.5914675169316919   0.4312879454244874   0.5914675169316919   0.4312879454244874   0.9498429169578244   1.0071942341919884   
0.5231193554408108   0.42180925903033967   0.5231193554408108   0.42180925903033967   0.9499978082047797   1.0071942393981523   
0.4560756323434143   0.43770742465808116   0.4560756323434143   0.43770742465808116   0.9714777618324689   1.0071938749666658   
0.5735846657697252   0.5337104045075787   0.5735846657697252   0.5337104045075787   0.9642339546204431   1.0071942446043165   
