53 1 1 1 4 0 3 1 2 1 1 1 1 1 1 3 1 2 2 4 0 1 1 2 1 0 2 2 0 7 
61 3 2 4 0 3 5 4 3 4 0 6 0 2 4 0 2 4 0 8 0 2 5 3 5 2 3 3 0 51 
74 0 4 5 1 4 6 7 0 7 3 8 3 4 0 4 3 0 1 11 3 4 0 4 8 0 6 5 1 92 
83 3 8 6 0 0 7 0 3 9 5 12 7 6 4 6 6 1 3 14 5 5 0 6 0 4 7 6 0 131 
89 0 9 7 2 0 10 0 5 12 6 16 12 7 6 7 7 5 0 16 9 7 2 9 2 5 8 7 1 175 
101 1 0 11 5 1 12 1 7 13 0 17 13 9 0 8 11 10 0 19 13 0 3 11 3 8 9 9 0 217 
108 2 1 0 8 2 13 4 10 0 3 18 0 12 1 10 13 11 1 20 0 2 4 13 8 11 12 10 0 265 
122 4 3 2 10 3 16 0 14 0 5 20 1 14 2 11 14 0 4 24 1 4 5 15 10 12 13 12 0 306 
128 6 7 3 11 4 18 3 16 1 7 23 3 18 3 13 16 2 5 25 4 0 6 16 12 16 14 0 1 350 
136 7 8 4 13 7 19 7 17 0 11 0 5 0 4 0 20 0 6 29 8 2 10 19 14 20 15 4 2 387 
