36 2 1 4 1 0 3 2 2 3 2 0 0 1 4 3 1 1 4 2 0 3 4 0 2 0 2 0 0 17 
60 5 2 0 5 1 6 7 0 4 7 0 1 4 6 0 4 2 6 0 1 9 9 1 0 1 0 1 2 41 
87 0 3 2 0 3 7 9 1 7 9 2 2 9 10 1 6 5 8 2 3 11 11 2 1 2 0 7 0 63 
94 4 4 6 2 6 9 10 2 10 11 3 4 10 12 2 8 9 11 6 6 13 13 3 3 0 1 11 1 97 
109 5 7 7 7 8 11 13 3 11 14 0 0 11 13 7 0 11 16 7 8 14 18 0 7 1 3 12 2 128 
125 6 0 9 11 10 12 14 0 0 16 1 2 13 14 0 3 15 18 8 0 17 0 1 9 4 6 13 3 169 
134 9 3 10 14 12 13 17 1 2 19 6 0 15 0 2 0 0 0 12 1 18 3 3 0 5 7 14 4 214 
147 11 5 12 0 14 0 18 3 6 20 10 2 16 1 4 3 2 0 14 3 20 5 6 0 6 10 18 6 249 
168 14 0 15 3 16 1 20 4 7 0 11 3 17 3 6 7 4 0 16 5 22 7 7 5 8 12 19 7 279 
174 16 3 16 0 20 3 0 6 10 1 15 5 0 5 9 9 6 0 18 0 24 9 0 7 0 16 21 9 324 
