0.5   0.5   0.5   0.5   0.0   0.0   
0.4395604408887816   0.5672697679063671   0.4395604408887816   0.5672697679063671   1.0169491525423728   0.4582383866917782   
0.555324245179909   1.1177273604464706   0.555324245179909   1.1177273604464706   1.000240815263846   0.5086042435676429   
0.7053544258397816   1.1269674021690477   0.7053544258397816   1.1269674021690477   0.93333325218048   0.6591699087152063   
0.6374111622071515   0.7054800765492665   0.6374111622071515   0.7054800765492665   0.9669398147701613   0.9125036278510149   
0.6074025730084103   0.9006383872575721   0.6074025730084103   0.9006383872575721   0.9663795537544055   0.9986152790855828   
0.8190691648806345   1.0589901335212517   0.8190691648806345   1.0589901335212517   0.9997128844939437   1.0169491525423728   
0.6189764717329316   0.915518148494916   0.6189764717329316   0.915518148494916   0.9836019302972822   1.016949075381879   
0.4873631254647245   0.7247608392174472   0.4873631254647245   0.7247608392174472   1.0002685969853824   1.0169491525423728   
0.7635390823237229   1.1171122354445744   0.7635390823237229   1.1171122354445744   1.0169352636091882   1.0169491525423728   
