33 2 1 2 1 2 2 2 2 3 3 6 3 3 1 4 1 2 2 3 5 2 0 4 3 3 1 2 2 0 
38 3 5 4 5 4 9 6 4 7 5 8 4 4 4 5 4 4 7 0 6 4 3 6 5 5 2 3 3 30 
51 4 0 5 8 6 0 7 10 0 7 9 6 5 7 8 6 10 9 2 7 5 4 7 6 8 6 4 5 64 
62 7 2 7 10 8 3 8 13 2 0 12 7 8 8 10 8 11 11 4 10 6 7 8 7 11 7 6 7 99 
66 9 3 13 12 11 6 9 14 7 5 14 11 9 9 11 9 0 12 5 15 0 9 11 9 12 10 0 0 138 
73 10 4 15 15 13 7 10 15 8 9 15 12 11 12 14 10 3 13 9 16 1 10 12 10 15 12 1 1 183 
79 0 7 19 18 15 9 12 17 12 10 0 15 16 13 16 15 5 15 10 17 2 11 13 11 17 0 4 2 222 
86 2 10 20 0 19 12 14 20 0 0 4 0 17 15 17 16 6 19 11 19 0 14 15 14 18 4 0 5 264 
91 3 13 23 1 21 13 17 22 0 4 5 0 19 17 19 18 9 20 13 21 0 17 17 18 22 6 1 6 305 
96 5 15 26 5 23 0 19 27 0 6 8 1 23 19 21 20 11 24 0 23 0 0 18 20 23 10 2 0 347 
