49 0 0 1 3 1 1 1 0 0 1 1 4 1 0 5 3 2 1 4 2 2 0 2 1 1 2 3 0 9 
58 1 2 5 0 2 2 2 1 3 3 0 7 0 3 0 5 5 3 6 6 4 1 5 3 0 6 4 0 52 
98 0 5 6 0 4 0 6 5 7 6 3 8 3 5 3 8 6 7 7 0 5 2 6 6 3 0 5 0 60 
146 2 7 8 0 7 1 9 7 8 0 5 11 5 6 4 11 9 10 0 2 7 3 8 8 4 5 7 0 61 
179 3 9 0 1 0 4 10 8 12 2 0 13 6 9 0 13 0 13 3 8 0 6 13 9 6 6 11 0 77 
222 0 11 2 0 3 7 11 10 18 5 0 17 8 12 3 16 2 14 0 9 2 0 17 12 8 7 12 0 80 
254 5 0 0 0 4 8 14 14 20 0 2 18 9 18 6 18 3 16 3 14 4 3 18 0 10 9 13 0 95 
274 6 1 1 1 6 9 16 17 21 5 6 20 0 22 8 22 0 0 7 16 8 4 23 1 12 11 15 0 118 
309 9 4 3 4 0 11 0 18 0 8 7 21 5 23 10 24 1 5 0 0 11 0 25 2 16 14 0 1 134 
359 10 6 4 9 2 0 2 20 2 9 11 24 6 26 11 25 4 7 1 1 0 2 28 0 17 17 1 0 136 
