33 1 1 2 1 4 1 2 0 2 2 2 5 4 3 2 1 2 5 2 1 5 3 3 3 4 2 2 2 0 
69 5 4 4 2 5 2 5 2 3 6 4 9 6 7 4 5 4 8 5 2 8 4 0 7 6 0 5 3 1 
88 7 5 6 5 11 4 10 7 4 0 5 10 8 9 6 0 6 9 7 4 10 5 3 9 9 4 7 0 23 
107 10 9 7 8 12 6 12 9 0 0 7 11 11 10 0 1 9 12 8 7 13 0 7 12 11 7 10 0 50 
115 13 12 9 12 13 8 13 12 3 2 10 12 14 11 2 3 11 13 10 8 14 4 0 13 12 8 12 0 90 
130 15 14 12 13 16 0 15 0 0 5 12 14 15 0 4 0 12 15 12 9 16 7 1 14 14 10 0 1 134 
136 17 0 13 14 17 0 18 2 4 7 15 15 19 1 9 1 14 0 14 12 18 9 4 0 17 12 0 2 177 
146 20 3 14 16 19 2 21 0 6 9 18 18 20 3 11 3 18 2 0 0 20 13 5 0 19 13 0 3 217 
155 21 5 15 19 21 5 23 1 9 10 0 21 21 4 12 4 19 0 3 2 23 15 0 3 22 14 4 0 260 
163 23 8 17 0 24 6 25 3 10 13 1 24 24 5 17 8 0 0 0 4 24 18 1 6 0 0 5 1 304 
