0.5   0.5   0.5   0.5   0.0   0.0   
0.4000000199999964   0.48716958926311704   0.4000000199999964   0.48716958926311704   1.0042350607632395   0.4567309154603949   
0.9632483640193881   0.612364895931506   0.9632483640193881   0.612364895931506   0.6909528860308258   1.000051379596299   
0.8568261456426036   0.6276075625384021   0.8568261456426036   0.6276075625384021   0.7979933167640078   1.0071942445855895   
0.54972280505286   0.5227618251044854   0.54972280505286   0.5227618251044854   0.9635119759408813   1.0071942446041828   
0.6288636380662489   0.5813069077166607   0.6288636380662489   0.5813069077166607   0.9778523788068747   1.0071942446041828   
0.6807318857579268   0.6264068947817986   0.6807318857579268   0.6264068947817986   0.9640258691867599   1.0071942446041828   
0.6002092432053177   0.6003300821610316   0.6002092432053177   0.6003300821610316   0.98566180488386   1.0071942446041828   
0.5127661232307043   0.5062406716587348   0.5127661232307043   0.5062406716587348   0.9928050265139843   1.0071942446041828   
0.6925040119943124   0.6229268125797893   0.6925040119943124   0.6229268125797893   0.9928564035817081   1.0071942446041828   
