0.5   0.5   0.5   0.5   0.0   0.0   
0.4266226609276491   0.07142942856971425   0.4266226609276491   0.07142942856971425   0.007156442646695695   0.910676853294045   
0.3721796591801519   0.25844568184687333   0.3721796591801519   0.25844568184687333   0.6855865466581782   0.9964538941919439   
0.38402592408624603   0.4862873782577579   0.38402592408624603   0.4862873782577579   0.9063570332294832   1.006612135512413   
0.372027470196797   0.5719222832349184   0.372027470196797   0.5719222832349184   0.9207973133769045   0.9927871094444177   
0.38968299411569834   0.6255132028051363   0.38968299411569834   0.6255132028051363   0.9783046072502795   0.9927944032991994   
0.4578503172156095   0.6730481878847133   0.4578503172156095   0.6730481878847133   0.9856559401401275   0.9929008381367636   
0.4638577082371292   0.6835991626414827   0.4638577082371292   0.6835991626414827   1.0071355502914054   1.007186570681241   
0.48887888733151214   0.6808731504659211   0.48887888733151214   0.6808731504659211   1.0069839519613104   1.0071370131865969   
0.4640298815936977   0.6940428081813743   0.4640298815936977   0.6940428081813743   0.9998451113747219   1.0071410297236083   
