32 2 2 0 1 1 1 1 0 1 1 3 0 5 3 1 2 3 2 2 1 1 0 3 3 4 2 1 3 19 
61 0 6 2 3 5 3 2 3 0 0 4 3 0 6 0 3 7 3 3 3 3 3 4 4 0 6 2 6 41 
80 2 0 4 5 0 4 3 6 2 1 7 0 2 0 2 4 0 5 7 7 0 6 5 5 1 9 4 0 79 
97 3 2 7 0 5 5 5 7 3 4 9 1 4 1 6 5 1 9 8 10 2 0 9 7 2 13 5 0 109 
122 0 4 9 3 0 7 7 8 5 6 0 4 6 4 9 6 2 0 10 0 4 0 10 12 4 14 7 1 139 
135 0 6 11 5 0 9 10 9 6 8 2 6 7 7 11 9 3 0 13 3 5 1 12 14 8 16 9 0 177 
149 2 9 13 6 1 10 15 0 9 9 6 7 0 8 12 11 0 1 15 5 9 2 15 0 9 18 14 0 214 
163 3 11 17 8 5 12 18 1 12 11 8 9 1 10 13 0 1 5 16 7 12 0 16 3 10 19 17 1 247 
178 4 14 20 13 7 14 19 4 0 14 10 11 0 11 14 2 4 6 18 10 14 2 0 0 11 0 18 0 286 
190 5 18 21 15 11 15 22 0 1 16 13 12 2 14 15 4 6 9 19 11 16 4 0 1 12 2 0 0 328 
