0.5   0.5   0.5   0.5   0.0   0.0   
0.4714285717006805   0.5770159192106175   0.4714285717006805   0.5770159192106175   1.0   0.48333333333333334   
0.7567839064284573   1.2237014698307291   0.7567839064284573   1.2237014698307291   0.9833333333333333   0.5   
0.7522309147127507   1.2606517891820797   0.7522309147127507   1.2606517891820797   0.9833333333333333   0.6   
0.6076970983741358   0.8258977331549485   0.6076970983741358   0.8258977331549485   0.9333333333333333   0.8   
0.7932357654014487   1.0143126609946087   0.7932357654014487   1.0143126609946087   0.9666666666666667   0.8833333333333333   
0.9511198371916659   1.1709238486802016   0.9511198371916659   1.1709238486802016   0.9666666666666667   0.9833333333333333   
0.7403662537336672   0.9170640363750961   0.7403662537336672   0.9170640363750961   0.9833333333333333   0.9833333333333333   
0.598955581263774   0.7426940951576063   0.598955581263774   0.7426940951576063   0.9833333333333333   0.9833333333333333   
0.8973024631972424   1.1227801546678937   0.8973024631972424   1.1227801546678937   1.0   1.0   
