38 3 1 1 3 0 1 2 2 4 1 2 3 2 0 0 5 4 1 0 2 2 1 3 1 4 2 2 1 9 
52 4 2 4 5 2 2 3 3 6 0 4 6 0 3 4 7 6 2 4 0 4 5 0 5 6 4 3 2 44 
60 0 4 7 10 3 4 9 4 0 4 5 8 3 4 6 8 7 3 7 2 6 8 1 6 9 5 5 3 81 
99 1 0 11 11 4 0 11 6 3 0 0 10 4 5 10 13 9 5 9 0 9 9 2 8 11 6 0 5 97 
121 2 3 13 16 5 1 12 10 4 2 3 11 6 7 11 16 12 7 12 2 0 10 7 0 15 0 3 0 119 
132 3 6 18 19 0 2 16 12 7 4 6 12 8 8 13 17 14 11 13 4 5 13 9 3 16 0 0 1 150 
143 4 0 0 24 4 0 17 13 10 5 7 0 9 9 15 18 16 13 15 5 6 17 11 4 18 2 1 2 196 
155 5 0 3 26 5 1 21 15 11 6 8 2 10 11 16 0 18 15 0 7 7 22 12 6 20 0 0 0 244 
167 6 1 0 29 6 2 22 17 14 8 9 3 12 0 19 3 21 19 5 9 8 23 15 9 21 1 1 2 280 
175 7 4 2 30 7 4 23 0 19 12 13 4 14 3 21 4 22 0 0 0 11 0 18 11 28 3 3 0 319 
