0.5   0.5   0.5   0.5   0.0   0.0   
0.4003900153145978   0.5   0.4003900153145978   0.5   0.2662758752356064   0.26632456328238363   
0.5170179418676503   0.43963719240023263   0.5170179418676503   0.43963719240023263   0.4963145002920906   0.4963261620997588   
0.5576951995352818   0.4582142878035711   0.5576951995352818   0.4582142878035711   0.5978512978714605   0.5978560432900466   
0.4907349467245784   0.45462959799632446   0.4907349467245784   0.45462959799632446   0.6273421873270705   0.6273451105882213   
0.48308588745728026   0.40606522143277807   0.48308588745728026   0.40606522143277807   0.7703021054804639   0.7703046643101239   
0.5081712912203595   0.37723214541480654   0.5081712912203595   0.37723214541480654   0.856426746498055   0.8564274805671956   
0.4883009865670733   0.3869853916678947   0.4883009865670733   0.3869853916678947   0.8567857115507516   0.8567853523254297   
0.4564042069448929   0.39076259760999976   0.4564042069448929   0.39076259760999976   0.8854584416827288   0.8854584573012211   
0.43636128231198507   0.40770394757994877   0.43636128231198507   0.40770394757994877   0.9641829445501033   0.9641825827216987   
