0.5   0.5   0.5   0.5   0.0   0.0   
0.47217758761776973   0.5   0.47217758761776973   0.5   0.3047881356161008   0.3047881356161008   
0.5249807951530396   0.4570922004074242   0.5249807951530396   0.4570922004074242   0.5587329816645799   0.5587329816645799   
0.4802237048799612   0.45445765127359444   0.4802237048799612   0.45445765127359444   0.6109976615354078   0.6109976615354078   
0.44755494611232666   0.4274138163192859   0.44755494611232666   0.4274138163192859   0.7785498222871936   0.7785498222871936   
0.43788769557847584   0.42080115972672805   0.43788769557847584   0.42080115972672805   0.89522167159169   0.89522167159169   
0.4397703055817129   0.4369837528864708   0.4397703055817129   0.4369837528864708   0.9291201361861277   0.9291201361861277   
0.45056253298873206   0.4252759391795681   0.45056253298873206   0.4252759391795681   0.9985833306955872   0.9985833306955872   
0.44580023079908   0.44174525169628365   0.44580023079908   0.44174525169628365   0.9985973006469334   0.9985973006469334   
0.43987580501171153   0.4230844134080007   0.43987580501171153   0.4230844134080007   1.0158287821502117   1.0158287821502117   
