40 2 0 1 2 3 5 1 2 2 2 1 6 3 0 1 1 1 3 1 0 4 1 0 2 3 1 3 0 9 
77 0 0 3 4 5 7 3 5 6 3 2 9 0 1 2 3 4 4 3 2 7 2 2 4 0 0 5 0 28 
101 0 2 8 7 6 8 0 9 9 5 3 10 6 0 3 0 5 5 5 5 10 0 0 0 1 3 11 1 53 
124 3 5 0 8 8 10 3 13 12 6 4 12 8 1 0 5 7 6 6 6 11 0 4 3 5 4 12 2 77 
169 6 9 1 9 13 11 0 15 0 8 6 13 11 2 5 0 12 0 7 7 16 2 5 0 7 7 0 3 80 
208 8 11 4 10 14 13 0 17 1 12 8 17 13 0 8 1 14 4 8 0 20 4 0 1 9 8 3 0 91 
233 15 13 0 0 15 14 4 18 0 0 12 0 16 1 0 4 16 5 0 2 25 6 2 6 12 0 0 0 117 
268 16 15 0 3 17 17 5 19 2 1 14 1 0 2 2 6 19 7 3 5 26 8 3 9 17 2 2 1 130 
302 17 19 1 6 19 20 6 23 0 2 16 0 1 4 4 9 21 9 4 7 28 10 7 0 20 4 4 0 144 
335 20 21 0 7 20 22 9 26 0 6 19 5 5 8 6 10 23 10 5 0 31 12 11 0 22 8 5 0 153 
