0.5   0.5   0.5   0.5   0.0   0.0   
0.4623221594002807   0.5   0.4623221594002807   0.5   0.2303575080166968   0.23040652144872809   
0.5472477739914723   0.4857142888888881   0.5472477739914723   0.4857142888888881   0.37487609194438504   0.37489722897068   
0.4960915215098929   0.49033760898970896   0.4960915215098929   0.49033760898970896   0.4616220729558691   0.46163044446775814   
0.49271300574831867   0.4563056007643013   0.49271300574831867   0.4563056007643013   0.6262674763233655   0.6262751345907637   
0.5244203247727375   0.4461538478106507   0.5244203247727375   0.4461538478106507   0.7334631738019399   0.733469017721145   
0.4841827163891461   0.4475176247484613   0.4841827163891461   0.4475176247484613   0.7340258640326585   0.7340302450197472   
0.45338707858642197   0.40553494158530007   0.45338707858642197   0.40553494158530007   0.8488680705010242   0.8488775509258483   
0.43817296920293247   0.3829125719422426   0.43817296920293247   0.3829125719422426   0.9422361541870555   0.9422452649742296   
0.4290738714903466   0.38298195266485136   0.4290738714903466   0.38298195266485136   0.9710196819031071   0.9710207751975686   
