0.5   0.5   0.5   0.5   0.0   0.0   
0.49744110213815435   0.5   0.49744110213815435   0.5   0.20533459131087106   0.20533459131087106   
0.4837906785724437   0.4884175095089207   0.4837906785724437   0.4884175095089207   0.42401152963105854   0.42401152963105854   
0.4967105707797145   0.4749293860993423   0.4967105707797145   0.4749293860993423   0.6251559806355739   0.6251559806355739   
0.5207347260939914   0.49353233850152234   0.5207347260939914   0.49353233850152234   0.7257212610510974   0.7257212610510974   
0.5179877488901036   0.4950191572026246   0.5179877488901036   0.4950191572026246   0.776832526654664   0.776832526654664   
0.4918471549494312   0.5050789907462133   0.4918471549494312   0.5050789907462133   0.777110305847408   0.777110305847408   
0.49863131946758915   0.5157482131608195   0.49863131946758915   0.5157482131608195   0.9121103058474079   0.9121103058474079   
0.48664241957483334   0.5394402252187527   0.48664241957483334   0.5394402252187527   0.9121242025166467   0.9121242025166467   
0.5027974228464002   0.546725085652357   0.5027974228464002   0.546725085652357   0.9121704988558099   0.9121704988558099   
