0.5   0.5   0.5   0.5   0.0   0.0   
0.482489460505486   0.5   0.482489460505486   0.5   0.2729085231092603   0.27295513649963815   
0.4849788770886733   0.4413437827342333   0.4849788770886733   0.4413437827342333   0.4600382637714557   0.4600510136673759   
0.5213865973620453   0.37669133753321904   0.5213865973620453   0.37669133753321904   0.6823917601777709   0.6823972136346724   
0.5152939053934913   0.38604836947211457   0.5152939053934913   0.38604836947211457   0.6978024567078152   0.6978061140380971   
0.48155423578767614   0.38360990484103813   0.48155423578767614   0.38360990484103813   0.7622940826134477   0.762295548148649   
0.49746840826414424   0.3637199750719888   0.49746840826414424   0.3637199750719888   0.883722659415529   0.8837241249507264   
0.48984316487252266   0.3541174006576989   0.48984316487252266   0.3541174006576989   0.9124475190172409   0.9124493411746754   
0.47484614716746154   0.3514722747708654   0.47484614716746154   0.3514722747708654   0.9628560493929497   0.9628575097219803   
0.4687202686578743   0.36204893790162057   0.4687202686578743   0.36204893790162057   0.9776523348336472   0.9776534281281049   
