0.5   0.5   0.5   0.5   0.0   0.0   
0.49396015263210086   0.5   0.49396015263210086   0.5   0.2872881369660461   0.2872881369660461   
0.4832512732993397   0.44638243135401845   0.4832512732993397   0.44638243135401845   0.5239788998747952   0.5239788998747952   
0.5187685786204642   0.3933862467708071   0.5187685786204642   0.3933862467708071   0.6598596921244708   0.6598596921244708   
0.5203879540516781   0.40799087010070684   0.5203879540516781   0.40799087010070684   0.7129893372316143   0.7129893372316143   
0.5015942382205352   0.413585756449965   0.5015942382205352   0.413585756449965   0.7133002955013974   0.7133002955013974   
0.47328097376877576   0.41046689763410527   0.47328097376877576   0.41046689763410527   0.747208171167652   0.747208171167652   
0.4659854137306426   0.3678571447448978   0.4659854137306426   0.3678571447448978   0.9149998417352347   0.9149998417352347   
0.45118282261476866   0.3809954105677193   0.45118282261476866   0.3809954105677193   0.9158380388160083   0.9158380388160083   
0.4489989612598301   0.3927529496721513   0.4489989612598301   0.3927529496721513   0.9497269290126965   0.9497269290126965   
