12 1 2 6 4 2 2 3 3 1 4 4 5 2 3 2 6 3 2 4 3 2 6 2 1 4 2 5 4 0 
23 3 7 10 8 5 6 7 10 2 7 7 6 0 5 5 7 8 5 7 7 8 0 5 4 6 5 8 6 5 
59 5 8 0 9 6 0 8 0 5 8 10 8 3 9 8 10 9 7 9 0 11 3 7 8 8 6 9 7 19 
81 6 10 1 10 8 0 10 2 6 9 12 11 0 11 10 14 10 8 13 5 14 5 0 0 0 8 14 10 45 
110 0 13 0 12 10 2 0 4 0 11 13 15 3 12 12 15 13 11 16 9 15 6 5 2 2 0 17 0 64 
141 4 15 3 14 11 5 1 6 3 13 16 16 6 14 13 16 15 0 0 11 0 8 8 3 3 2 0 2 84 
172 6 18 5 20 12 8 2 8 4 15 17 19 7 16 14 18 0 0 1 0 1 9 11 5 5 3 3 3 105 
196 11 21 6 23 15 10 4 11 7 17 19 20 0 19 0 19 3 4 0 1 3 12 12 0 0 4 5 0 130 
216 14 22 7 26 17 13 7 0 8 0 22 21 2 21 3 22 5 6 3 4 0 15 13 0 1 5 9 2 157 
245 16 26 9 0 18 14 8 1 11 2 0 22 6 22 0 23 8 7 0 7 3 18 14 4 0 7 10 6 179 
