0.5   0.5   0.5   0.5   0.0   0.0   
0.3737039657443255   0.5   0.3737039657443255   0.5   0.23756128755584136   0.23756128755584136   
0.5441641264158987   0.46000000399999963   0.5441641264158987   0.46000000399999963   0.4584467172587451   0.4584467172587451   
0.5226121685458965   0.48947368476454295   0.5226121685458965   0.48947368476454295   0.5756787442263622   0.5756787442263622   
0.5041623371605725   0.49430512037211377   0.5041623371605725   0.49430512037211377   0.5765446421408976   0.5765446421408976   
0.497574890091881   0.4901242692660402   0.497574890091881   0.4901242692660402   0.6434891676263896   0.6434891676263896   
0.518232391489769   0.49397163133393707   0.518232391489769   0.49397163133393707   0.7268225922877467   0.7268225922877467   
0.5442590547743639   0.49093567267364313   0.5442590547743639   0.49093567267364313   0.7271006787532602   0.7271006787532602   
0.5067778697243672   0.49722372028730233   0.5067778697243672   0.49722372028730233   0.7271199741064841   0.7271199741064841   
0.49977545287526515   0.49593935174396225   0.49977545287526515   0.49593935174396225   0.7771570111435222   0.7771570111435222   
