37 1 2 2 1 2 3 4 4 2 3 1 2 1 2 3 1 2 2 1 2 2 1 1 4 2 0 2 0 10 
66 3 5 5 5 3 0 6 7 5 8 2 5 2 0 5 3 0 3 2 4 4 2 0 5 3 0 5 0 34 
92 6 8 7 6 5 5 7 10 0 13 7 6 5 3 6 7 0 4 3 5 5 3 2 9 7 3 8 1 44 
116 9 9 9 9 9 7 8 14 1 16 8 8 6 6 8 9 0 8 4 6 8 0 5 11 8 4 10 2 66 
147 11 13 0 11 11 8 12 16 3 0 10 11 9 9 10 10 0 10 5 10 9 1 6 12 12 6 14 0 81 
177 12 16 1 14 0 11 15 18 4 0 11 13 11 10 11 0 2 11 6 11 13 2 8 14 0 7 16 2 108 
212 16 18 7 15 1 0 17 20 6 1 14 16 13 0 13 3 3 13 10 14 15 3 10 16 0 8 17 4 118 
249 0 20 9 16 2 3 21 22 0 3 15 19 15 1 18 0 5 17 12 15 18 6 0 18 0 9 19 0 132 
285 5 21 12 17 0 6 22 0 3 6 0 21 18 3 19 2 0 20 14 18 19 9 4 20 2 12 22 1 139 
324 7 23 14 19 1 0 23 4 7 0 1 23 21 0 20 3 3 23 15 21 25 11 0 22 4 0 25 0 149 
