38 1 0 1 1 1 1 1 1 2 7 2 0 5 4 1 1 3 1 3 2 2 1 5 2 0 2 0 0 12 
74 3 3 4 5 3 3 5 4 4 8 4 0 6 8 0 0 4 3 5 3 3 2 7 5 3 0 1 0 26 
114 6 6 7 0 5 4 0 0 5 9 0 1 7 11 3 4 6 5 9 5 4 3 8 8 4 2 0 2 39 
148 7 12 8 4 7 5 0 2 0 10 1 2 9 13 6 6 0 7 11 7 7 0 9 10 5 4 2 0 59 
194 0 14 9 6 8 7 2 3 2 11 3 6 10 18 8 7 2 0 12 11 0 3 12 14 7 5 4 0 62 
232 1 16 10 7 12 0 7 5 4 12 5 8 12 23 10 0 0 3 14 14 0 0 14 19 9 6 6 1 71 
272 4 0 13 0 14 1 9 7 7 0 9 9 13 25 12 3 3 0 17 16 2 2 16 22 14 7 8 2 76 
300 0 2 14 2 18 3 11 9 9 0 10 0 17 29 15 4 7 1 18 0 3 5 17 25 17 9 9 3 97 
332 3 4 17 4 21 5 12 11 12 1 13 1 18 30 0 6 10 2 19 3 0 7 18 26 18 12 12 5 114 
363 4 6 19 10 25 7 16 12 13 3 0 0 21 33 1 9 0 6 0 5 2 9 20 0 20 14 13 0 131 
