0.5   0.5   0.5   0.5   0.0   0.0   
0.48308680388351605   0.5   0.48308680388351605   0.5   0.3047974693981065   0.3047974693981065   
0.5008096132006342   0.43169934908368574   0.5008096132006342   0.43169934908368574   0.5426407734141256   0.5426407734141256   
0.5190198500814682   0.44076923259171596   0.5190198500814682   0.44076923259171596   0.5959884731348237   0.5959884731348237   
0.4925638570747637   0.4558815501620171   0.4925638570747637   0.4558815501620171   0.6313032983895606   0.6313032983895606   
0.45706289421154783   0.44568478458566346   0.45706289421154783   0.44568478458566346   0.7818866344485644   0.7818866344485644   
0.4542707134526172   0.4142144973966346   0.4542707134526172   0.4142144973966346   0.8999662679583845   0.8999662679583845   
0.46767606595136396   0.42807894707548994   0.46767606595136396   0.42807894707548994   0.9333185082072272   0.9333185082072272   
0.46322407108597907   0.42587420902455064   0.46322407108597907   0.42587420902455064   0.9833280041359453   0.9833280041359453   
0.4445073268619914   0.42439862620894875   0.4445073268619914   0.42439862620894875   1.0002728369555898   1.0002728369555898   
