29 2 0 6 2 3 3 3 3 3 2 4 2 1 3 4 0 2 3 1 8 5 3 1 1 1 2 1 2 0 
57 6 3 10 3 4 7 5 4 6 5 5 4 4 5 0 4 5 5 4 10 6 4 4 3 2 5 4 4 8 
90 8 5 0 6 6 8 10 6 7 7 0 7 5 8 1 7 9 7 7 12 9 6 0 4 0 7 7 5 21 
109 9 8 2 7 12 9 11 0 8 8 0 0 6 9 3 10 13 9 10 14 10 7 0 5 2 10 8 0 58 
148 11 10 7 9 14 12 12 2 11 0 3 2 8 0 6 0 15 11 11 16 0 9 0 0 5 15 0 2 68 
182 14 12 9 11 20 0 13 5 13 1 4 0 10 0 10 2 17 16 13 19 2 10 4 2 0 17 2 3 77 
210 16 15 13 14 23 3 15 7 15 3 6 2 12 0 11 8 0 0 16 20 3 12 5 3 1 20 3 4 95 
241 18 0 17 15 24 4 16 9 18 4 0 0 15 1 15 0 2 1 17 22 6 14 7 4 4 24 0 0 119 
281 0 1 22 0 26 5 19 0 20 6 3 2 19 2 17 1 3 0 20 26 9 15 10 7 5 0 1 0 130 
312 2 0 26 3 0 7 22 3 21 9 6 5 20 5 19 7 0 3 21 28 10 19 11 8 6 2 3 2 140 
