46 3 2 5 2 4 3 1 2 2 1 2 0 0 0 1 1 1 0 3 1 2 3 1 1 0 2 2 0 9 
64 4 10 6 6 6 4 4 5 3 3 4 1 4 1 3 4 3 1 4 3 3 0 4 2 0 3 3 0 39 
87 7 11 8 8 8 7 6 6 0 4 6 0 8 4 6 0 6 3 10 4 4 2 6 5 1 5 5 1 61 
133 8 0 10 0 10 8 7 0 2 0 7 2 10 5 9 4 7 4 11 8 6 3 12 7 3 6 8 2 68 
171 10 2 11 4 12 0 8 3 3 0 9 4 13 6 14 6 0 6 14 10 0 5 0 8 5 7 10 3 83 
209 11 5 0 9 14 2 11 0 8 0 12 6 0 7 15 7 3 7 19 12 1 6 0 9 7 0 12 0 98 
239 12 7 3 11 0 4 15 0 10 1 14 8 3 10 17 12 4 8 20 13 5 8 2 10 8 3 14 1 114 
282 14 0 5 0 1 5 16 0 12 3 17 0 6 0 19 13 5 11 21 16 7 10 4 11 10 6 15 0 130 
323 15 0 8 1 3 7 18 4 14 0 18 1 8 1 22 0 9 15 22 17 10 11 5 13 13 7 17 1 140 
364 16 0 10 4 5 8 19 6 18 1 21 4 9 8 0 0 10 18 23 21 11 12 7 14 15 9 18 0 149 
