0.5   0.5   0.5   0.5   0.0   0.0   
0.47697670806352804   0.5   0.47697670806352804   0.5   0.25005112233754917   0.2569130028219347   
0.4889862757230758   0.4503126262846866   0.4889862757230758   0.4503126262846866   0.4826528722139029   0.48561205589520723   
0.5462996085188934   0.40292208233471044   0.5462996085188934   0.40292208233471044   0.627090213821671   0.6282622254861329   
0.542280491319641   0.4303234527640745   0.542280491319641   0.4303234527640745   0.6774466852711714   0.6785188427069037   
0.4946787793192867   0.4339944565541861   0.4946787793192867   0.4339944565541861   0.6848443322715984   0.685662480960311   
0.4888893655405175   0.4079067882797218   0.4888893655405175   0.4079067882797218   0.763620964572184   0.7642343027646058   
0.4933536443514669   0.40052230128733957   0.4933536443514669   0.40052230128733957   0.8415298701433868   0.842857129618744   
0.4995199884362207   0.3951069173095946   0.4995199884362207   0.3951069173095946   0.9130615861877752   0.9143370963921272   
0.48843112158757196   0.41148985889048156   0.48843112158757196   0.41148985889048156   0.9427554664349815   0.942908527659607   
