0.5   0.5   0.5   0.5   0.0   0.0   
0.48987904641421043   0.5   0.48987904641421043   0.5   0.2796942348653363   0.2797433888637796   
0.5179704967343822   0.47015306539267426   0.5179704967343822   0.47015306539267426   0.48135494971251885   0.48137644856720824   
0.48794710074208597   0.4868812403984146   0.48794710074208597   0.4868812403984146   0.5467266649425542   0.546733948366141   
0.47561839336401973   0.5024497976764049   0.47561839336401973   0.5024497976764049   0.7043840942521481   0.7043877437731877   
0.4888620560434307   0.5527622067604051   0.4888620560434307   0.5527622067604051   0.8477532659725541   0.8477550933361603   
0.479427408782858   0.5923267962181576   0.479427408782858   0.5923267962181576   0.9267860729331736   0.9267860781393418   
0.49023007875850727   0.6397166844160423   0.49023007875850727   0.6397166844160423   0.9636734535082839   0.9636738335582697   
0.49280503951260285   0.6511275486179615   0.49280503951260285   0.6511275486179615   0.9924992552952722   0.9924999971736639   
0.49312468350926125   0.6628656674385538   0.49312468350926125   0.6628656674385538   0.9998975893600843   0.999897961600822   
