42 3 2 2 2 3 1 1 2 1 4 1 4 3 2 1 1 1 1 1 0 2 3 2 1 3 3 1 0 7 
83 6 0 0 5 7 0 2 0 3 5 2 6 4 3 2 3 4 3 4 1 3 5 0 4 5 0 3 0 25 
130 8 3 1 6 8 3 0 1 5 9 3 7 7 4 3 0 5 5 0 4 5 6 1 6 6 0 5 1 37 
142 10 6 5 10 12 4 2 0 7 13 6 8 11 5 5 1 6 0 3 6 6 10 2 7 0 2 8 2 68 
173 11 9 6 11 13 5 4 1 10 16 7 10 15 7 7 5 9 2 0 0 7 13 5 10 1 3 9 0 87 
218 13 0 7 0 0 6 5 3 15 18 8 14 17 8 9 6 11 7 6 1 8 0 7 11 0 0 12 1 95 
248 15 0 9 2 0 8 6 6 0 0 11 17 20 10 12 7 13 10 9 4 9 3 10 13 3 6 16 0 105 
285 17 3 10 5 2 10 7 11 3 0 0 18 24 12 13 10 16 11 11 6 11 4 12 15 5 0 18 1 115 
322 20 4 12 6 4 12 11 13 7 3 2 19 25 13 16 11 17 0 14 7 12 6 16 16 7 0 0 0 130 
354 22 8 16 8 8 14 0 14 9 4 0 20 28 16 18 12 19 1 20 10 0 8 17 18 12 1 3 1 139 
