15 0 4 2 1 2 2 5 3 2 1 2 0 7 2 5 3 2 1 3 5 3 4 4 2 5 5 4 6 0 
25 1 9 8 2 3 6 8 6 5 5 8 2 11 3 9 4 6 6 6 8 8 5 6 4 8 8 5 8 7 
62 3 10 10 3 5 8 11 0 7 6 0 5 13 4 0 5 9 0 11 10 0 7 8 8 10 10 8 0 22 
90 4 12 11 5 10 0 15 2 0 12 1 7 15 8 1 9 11 3 12 0 2 0 0 10 12 11 10 0 42 
124 6 13 13 6 15 0 17 3 1 0 5 0 18 9 5 0 0 6 13 1 4 0 2 12 14 12 14 2 61 
158 7 14 0 0 0 4 0 0 3 3 7 4 21 11 6 2 4 8 15 4 0 1 3 14 0 16 16 5 78 
192 8 15 3 1 2 6 0 2 5 4 0 8 24 13 11 5 7 9 16 7 2 0 5 15 1 18 0 6 95 
224 11 19 5 3 6 9 2 7 0 7 0 0 28 14 12 6 9 11 17 0 3 2 6 0 2 19 2 0 115 
249 13 22 8 6 7 14 3 8 1 0 4 3 31 21 0 7 11 15 19 0 5 3 9 0 4 0 5 0 133 
274 14 25 10 0 0 15 6 10 4 3 0 4 36 22 1 10 0 18 21 2 7 6 10 2 0 6 0 1 157 
