31 3 1 5 0 1 6 2 4 3 2 2 2 3 5 3 5 7 2 1 1 2 3 3 1 1 0 1 0 0 
52 6 4 8 3 3 8 3 5 4 0 0 7 4 11 0 8 10 10 3 2 3 5 6 3 3 7 5 0 10 
97 7 7 10 6 7 11 4 7 5 2 0 8 6 0 0 12 13 11 4 4 4 6 0 4 5 11 9 0 16 
137 10 8 12 7 0 12 6 8 6 3 2 15 7 3 1 14 14 13 5 7 5 7 1 5 8 12 14 0 27 
173 14 11 14 8 2 14 7 10 10 5 3 16 8 6 2 15 18 0 7 0 8 11 3 7 11 16 15 0 35 
189 17 0 0 13 3 15 9 13 0 7 5 19 0 7 5 16 21 1 12 2 10 15 6 8 13 17 16 0 67 
231 19 5 2 0 5 17 11 14 1 9 7 20 1 0 7 18 24 4 14 4 13 0 8 10 14 21 18 0 74 
278 20 7 3 3 0 20 12 16 3 11 0 22 3 0 8 20 26 5 19 7 0 7 0 11 17 23 19 0 78 
310 0 14 5 6 0 21 15 18 0 12 5 0 4 1 10 24 29 7 20 8 2 9 4 13 21 24 23 0 88 
343 1 15 7 8 1 23 16 20 4 16 6 1 5 6 11 26 0 8 0 12 0 12 7 0 24 27 25 0 105 
