0.5   0.5   0.5   0.5   0.0   0.0   
0.44968599490371386   0.5   0.44968599490371386   0.5   0.2375846659637217   0.2375846659637217   
0.4873072912769762   0.4808563084182389   0.4873072912769762   0.4808563084182389   0.44237295577039276   0.44237295577039276   
0.49563948085452775   0.4551724153388822   0.49563948085452775   0.4551724153388822   0.6934988856869819   0.6934988856869819   
0.4511855428598757   0.46422546527859704   0.4511855428598757   0.46422546527859704   0.6968420286939971   0.6968420286939971   
0.46714857825409534   0.44325131205610246   0.46714857825409534   0.44325131205610246   0.8638283018429024   0.8638283018429024   
0.44478101986485025   0.46418587115067356   0.44478101986485025   0.46418587115067356   0.9649722128522107   0.9649722128522107   
0.44410120329529584   0.46786927762657166   0.44410120329529584   0.46786927762657166   0.9658148106967241   0.9658148106967241   
0.4320127564972228   0.49305571353606525   0.4320127564972228   0.49305571353606525   1.0163842577789266   1.0163842577789266   
0.43723164523953434   0.5209874237791886   0.43723164523953434   0.5209874237791886   1.0166667424547098   1.0166667424547098   
