0.5   0.5   0.5   0.5   0.0   0.0   
0.5138929150438086   0.5   0.5138929150438086   0.5   0.15867383451237993   0.158719932492515   
0.5293477609547114   0.5   0.5293477609547114   0.5   0.3602390605380948   0.3602549211170506   
0.48554311199151895   0.48390070991123835   0.48554311199151895   0.48390070991123835   0.48229114066496076   0.4822962557211996   
0.5313392793336665   0.4085164870350802   0.5313392793336665   0.4085164870350802   0.7189755508833355   0.7189792238321144   
0.5190171613775509   0.42175718020887853   0.5190171613775509   0.42175718020887853   0.7340805257452678   0.7340812650205765   
0.501192871898621   0.42045142251709794   0.501192871898621   0.42045142251709794   0.7778053906091908   0.7778057602468437   
0.49824129222310093   0.42191045706350444   0.49824129222310093   0.42191045706350444   0.8139289354872599   0.8139289380903408   
0.5019677693002301   0.4296765268830162   0.5019677693002301   0.4296765268830162   0.8498983155077531   0.8498983233169993   
0.49488537764930396   0.4205502737570014   0.49488537764930396   0.4205502737570014   0.8713265227097641   0.8713268949504961   
