36 4 3 3 5 2 2 4 1 1 0 2 3 2 3 3 1 3 0 3 1 2 0 3 2 4 1 6 0 0 
55 6 5 0 7 8 4 7 2 3 2 4 8 0 6 9 6 5 1 4 0 3 4 6 4 7 4 12 1 11 
96 0 6 4 9 11 5 8 5 5 3 6 0 2 7 13 7 7 2 7 4 0 9 8 6 10 6 0 0 18 
124 1 9 5 10 15 7 12 6 7 4 8 1 0 10 15 9 0 6 10 0 1 11 0 8 15 9 0 0 40 
148 3 10 8 11 17 11 13 7 9 5 9 5 0 0 20 13 0 7 12 0 5 0 1 12 16 12 4 1 63 
191 7 12 9 14 21 13 16 10 10 7 0 7 0 1 21 16 3 9 14 1 6 2 3 0 18 14 0 0 71 
230 9 15 11 18 0 16 18 12 15 8 4 12 1 0 22 17 0 12 15 0 9 0 4 3 21 15 2 1 78 
264 0 17 15 0 4 18 20 13 17 10 6 17 3 3 24 18 2 15 0 3 11 3 5 5 23 19 0 0 88 
305 3 19 17 4 7 19 21 14 18 13 7 19 4 0 0 0 0 19 2 8 12 4 8 6 26 21 3 1 96 
349 4 20 19 5 10 21 22 15 20 14 8 21 8 3 3 2 3 21 3 0 13 5 12 7 29 22 4 0 104 
