0.5   0.5   0.5   0.5   0.0   0.0   
0.5030501603200851   0.5   0.5030501603200851   0.5   0.2357653639481904   0.24252483918364887   
0.4921613136137655   0.4607008396849642   0.4921613136137655   0.4607008396849642   0.46902746364397246   0.47074320708998574   
0.48008202862588933   0.4308164492863985   0.48008202862588933   0.4308164492863985   0.6066794760536227   0.6068795489417842   
0.5109892556002052   0.39271813379682086   0.5109892556002052   0.39271813379682086   0.7423956701805943   0.7425469092489883   
0.5048970450819397   0.4033928595536264   0.5048970450819397   0.4033928595536264   0.7784175415745356   0.7785173958022104   
0.4896306399022648   0.40619199939208817   0.4896306399022648   0.40619199939208817   0.7926988986171248   0.79289277616828   
0.4814747510220897   0.39394751888026486   0.4814747510220897   0.39394751888026486   0.9213749321898453   0.9214270458924702   
0.47222395091348446   0.39432579480570534   0.47222395091348446   0.39432579480570534   0.956935805356529   0.9571934584177563   
0.457747324022472   0.38416583578589203   0.457747324022472   0.38416583578589203   0.999998130949899   1.0000502446526587   
