0.5   0.5   0.5   0.5   0.0   0.0   
0.4424393953955471   0.5   0.4424393953955471   0.5   0.2516326530612245   0.2516326530612245   
0.5136792820334973   0.41961491352019376   0.5136792820334973   0.41961491352019376   0.5172448979591836   0.5172448979591836   
0.48594894435163005   0.42064362362642194   0.48594894435163005   0.42064362362642194   0.5755102040816327   0.5755102040816327   
0.47279060826580754   0.37329721514948966   0.47279060826580754   0.37329721514948966   0.7194897959183674   0.7194897959183674   
0.4966692334595702   0.367142860390244   0.4966692334595702   0.367142860390244   0.8127040816326531   0.8127040816326531   
0.47579824813337573   0.38390946642882984   0.47579824813337573   0.38390946642882984   0.8491836734693877   0.8491836734693877   
0.4639356441424896   0.3886312216444137   0.4639356441424896   0.3886312216444137   0.9067857142857143   0.9067857142857143   
0.4432092881524909   0.3788435739907854   0.4432092881524909   0.3788435739907854   0.9497959183673471   0.9497959183673471   
0.43469220594985103   0.40806787221924967   0.43469220594985103   0.40806787221924967   0.9641326530612245   0.9641326530612245   
