0.5   0.5   0.5   0.5   0.0   0.0   
0.4665835070402294   0.5   0.4665835070402294   0.5   0.2550799578233018   0.2550799578233018   
0.5110972913778447   0.4444444470899469   0.5110972913778447   0.4444444470899469   0.5423773462235688   0.5423773462235688   
0.48141736999696944   0.44506953667401955   0.48141736999696944   0.44506953667401955   0.6099331412189137   0.6099331412189137   
0.4886426536987933   0.4098859505764227   0.4886426536987933   0.4098859505764227   0.810521721639826   0.810521721639826   
0.4757650381527297   0.41358824196461824   0.4757650381527297   0.41358824196461824   0.8296981105741428   0.8296981105741428   
0.47266478676715024   0.4201536653983166   0.47266478676715024   0.4201536653983166   0.8983327711326398   0.8983327711326398   
0.4595460827998359   0.4431134894230952   0.4595460827998359   0.4431134894230952   0.9488886418034538   0.9488886418034538   
0.4533871838058809   0.47688424274642244   0.4533871838058809   0.47688424274642244   0.9830554667355991   0.9830554667355991   
0.46482987714849244   0.5105885720645987   0.46482987714849244   0.5105885720645987   1.0000045472825931   1.0000045472825931   
