0.5   0.5   0.5   0.5   0.0   0.0   
0.48398634462617196   0.5   0.48398634462617196   0.5   0.21433683173319068   0.22079054895210032   
0.4979669680429139   0.4748511920299535   0.4979669680429139   0.4748511920299535   0.4334684753332727   0.4356889563870853   
0.49209472009947247   0.46867907398320424   0.49209472009947247   0.46867907398320424   0.5207596930944963   0.5214758009679458   
0.48638088655290485   0.4441051990161524   0.48638088655290485   0.4441051990161524   0.656577123666978   0.6570913364960316   
0.487827038744671   0.4579410647106143   0.487827038744671   0.4579410647106143   0.771273604337502   0.7713771028807086   
0.483061279667954   0.45563483888035733   0.483061279667954   0.45563483888035733   0.8927546852867152   0.8928064345581197   
0.4788238646449501   0.43892550212552806   0.4788238646449501   0.43892550212552806   0.9500509682163673   0.9500513326477232   
0.45305680724838987   0.4376116081176762   0.45305680724838987   0.4376116081176762   0.9857641710854379   0.9857652643799042   
0.45153348654582565   0.4230341608327472   0.45153348654582565   0.4230341608327472   0.9857131793669623   0.9857652930694544   
