0.5   0.5   0.5   0.5   0.0   0.0   
0.4781062443587111   0.5   0.4781062443587111   0.5   0.2085717935467746   0.2086197214935921   
0.4840577555622588   0.462547763449291   0.4840577555622588   0.462547763449291   0.43865524633531294   0.43867335858026113   
0.5500656596607237   0.38571429068322943   0.5500656596607237   0.38571429068322943   0.6973407240392777   0.6973446416777845   
0.524623561427801   0.40524519388559715   0.524623561427801   0.40524519388559715   0.7196388348162394   0.7196413676150828   
0.4665532485018607   0.39557497513785034   0.4665532485018607   0.39557497513785034   0.7696931351659622   0.7696927837498895   
0.4787413593506776   0.3776048894250684   0.4787413593506776   0.3776048894250684   0.8632146523185463   0.8632146523185501   
0.45964028587019967   0.3783287585164406   0.45964028587019967   0.3783287585164406   0.9423469410982297   0.9423469410982297   
0.4645607708311308   0.39466064756773245   0.4645607708311308   0.39466064756773245   0.9641326555329572   0.9641330199644449   
0.4539415903835372   0.3943793928321884   0.4539415903835372   0.3943793928321884   0.985662903402415   0.9856636322653888   
