12 0 3 2 6 1 2 3 1 4 1 4 3 5 6 3 1 4 3 1 4 4 0 7 1 6 4 2 7 0 
29 4 5 3 8 5 4 9 3 7 4 11 4 7 9 9 6 9 4 0 6 8 0 9 0 10 6 4 13 2 
58 6 8 4 10 6 0 14 4 12 6 12 5 11 10 0 7 0 7 0 8 9 3 14 4 0 7 7 15 19 
94 0 9 6 11 0 0 17 5 0 8 15 6 12 12 3 9 1 10 2 12 10 5 16 0 1 10 9 16 39 
118 3 0 8 14 3 0 19 0 2 9 16 8 14 13 4 10 0 11 6 13 11 6 18 4 2 13 10 18 70 
141 5 0 9 17 4 2 21 1 3 12 18 10 0 15 0 11 3 12 7 15 14 10 0 6 3 15 12 19 102 
169 7 1 11 20 6 3 24 0 7 14 19 14 0 19 0 0 5 14 9 17 15 13 1 8 7 18 13 0 122 
203 11 3 13 21 0 4 27 1 0 18 0 16 2 20 1 5 7 16 0 21 0 14 3 10 9 20 0 0 142 
239 15 6 14 23 0 5 28 4 4 19 0 0 0 23 4 6 8 17 1 22 1 17 5 11 0 23 2 1 162 
266 17 9 17 0 4 0 29 0 7 20 4 1 1 26 6 9 10 18 4 26 2 20 8 0 1 24 4 2 182 
