0.5   0.5   0.5   0.5   0.0   0.0   
0.40640889038213157   0.5   0.40640889038213157   0.5   0.26586759217141764   0.26590956426650286   
0.4989304213082817   0.4341492628106958   0.4989304213082817   0.4341492628106958   0.48156121782240535   0.4815787105338228   
0.5352621316891469   0.44078341395867365   0.5352621316891469   0.44078341395867365   0.6043316266590503   0.6043367260967947   
0.5243149991705921   0.45926641146822483   0.5243149991705921   0.45926641146822483   0.6479052262589515   0.6479077850886125   
0.49318184698716944   0.46565777183816665   0.49318184698716944   0.46565777183816665   0.6560163884050738   0.656019309063132   
0.4781663981595843   0.44802937553355815   0.4781663981595843   0.44802937553355815   0.7780080145335658   0.7780094748625954   
0.49969793886393915   0.42441419530824115   0.49969793886393915   0.42441419530824115   0.8997423467886999   0.899744895206026   
0.49613221312025085   0.41525672942203623   0.49613221312025085   0.41525672942203623   0.9142317679199621   0.9142346937841863   
0.4698829589502505   0.4137687051237089   0.4698829589502505   0.4137687051237089   0.9285699656019963   0.9285717929655968   
