13 0 4 4 2 2 1 0 6 1 4 1 3 3 5 0 3 2 7 3 2 4 4 3 3 6 3 6 5 0 
31 3 6 8 4 4 2 2 9 4 5 6 0 6 8 4 5 9 10 0 8 6 6 6 8 0 8 12 8 0 
67 7 7 0 5 0 4 4 10 0 8 8 1 7 9 0 7 11 12 3 0 7 0 7 10 2 10 16 9 23 
98 10 12 0 6 2 5 6 14 1 9 10 2 8 11 0 9 14 0 4 0 9 2 8 13 5 11 17 10 46 
132 13 13 3 7 4 8 7 16 2 11 0 6 12 15 3 11 17 0 0 1 11 3 0 15 7 13 20 11 59 
160 15 15 6 9 5 0 9 20 5 13 0 7 17 20 5 12 0 2 1 4 12 5 1 18 8 0 23 0 79 
195 18 0 9 0 8 0 10 23 9 0 1 8 21 22 7 13 0 7 2 6 16 0 2 21 10 0 0 0 98 
219 20 2 10 2 12 5 11 26 11 3 3 11 0 24 8 16 1 8 3 7 19 5 3 23 12 2 1 0 118 
234 23 0 11 4 16 0 13 27 13 5 4 12 4 25 12 19 2 11 4 10 22 7 0 24 15 4 4 3 147 
253 24 1 13 0 19 2 14 28 15 9 0 15 6 27 13 22 3 13 9 0 25 9 1 25 17 6 5 0 180 
