17 2 1 1 1 5 5 2 2 1 5 2 0 2 2 4 4 5 1 5 5 1 3 4 8 5 3 3 1 0 
28 5 4 4 4 10 0 7 0 6 7 7 2 5 4 8 5 8 7 6 7 6 8 7 9 8 8 5 4 4 
64 7 6 7 5 11 2 8 0 7 8 10 5 6 6 11 6 10 8 7 0 7 9 12 0 9 9 6 6 25 
105 8 9 8 8 12 3 9 3 10 9 0 8 8 8 0 7 0 12 9 3 0 10 13 1 10 10 0 8 42 
137 9 10 0 10 0 8 10 0 11 11 1 10 9 9 0 11 3 13 0 6 4 11 0 0 12 13 1 9 69 
162 10 0 2 12 1 0 13 1 13 14 0 11 12 14 1 0 4 17 1 7 0 14 2 1 14 16 0 0 101 
181 11 3 0 17 5 4 16 3 15 16 0 13 13 16 4 2 0 18 4 0 0 15 6 0 0 17 3 2 131 
206 12 4 3 18 8 5 18 6 19 17 2 15 14 19 6 0 6 19 6 0 4 0 0 4 1 18 4 3 155 
225 0 8 0 22 9 7 23 9 22 19 6 16 15 21 8 2 0 20 8 2 0 5 1 8 0 19 6 5 180 
249 0 0 2 25 11 0 0 0 0 20 7 17 19 0 10 3 1 21 10 6 2 8 2 11 3 20 11 7 211 
