0.5   0.5   0.5   0.5   0.0   0.0   
0.4635206484115153   0.5   0.4635206484115153   0.5   0.25395935479259735   0.25395935479259735   
0.4820503412069072   0.49880952372448983   0.4820503412069072   0.49880952372448983   0.4409741119543124   0.4409741119543124   
0.5299709519359681   0.4889995264225255   0.5299709519359681   0.4889995264225255   0.6429279790704394   0.6429279790704394   
0.5408289874357199   0.49967320262719467   0.5408289874357199   0.49967320262719467   0.659609077369015   0.659609077369015   
0.5048109118685383   0.4975194165660522   0.5048109118685383   0.4975194165660522   0.6940581527937731   0.6940581527937731   
0.49051300082487165   0.5017723543045711   0.49051300082487165   0.5017723543045711   0.7121137098714624   0.7121137098714624   
0.4876066107215757   0.5266875246480317   0.4876066107215757   0.5266875246480317   0.8121183446458876   0.8121183446458876   
0.49424611934356844   0.556592934737694   0.49424611934356844   0.556592934737694   0.9121186662351081   0.9121186662351081   
0.49205847329966707   0.557774862976711   0.49205847329966707   0.557774862976711   0.9296192835190588   0.9296192835190588   
