0.5   0.5   0.5   0.5   0.0   0.0   
0.48473196193008794   0.5   0.48473196193008794   0.5   0.2033994598765432   0.2033994598765432   
0.47215060969414596   0.47280863760807407   0.47215060969414596   0.47280863760807407   0.42344706790123454   0.42344706790123454   
0.4778069803280097   0.4514504271116863   0.4778069803280097   0.4514504271116863   0.6118273148148148   0.6118273148148148   
0.493094356370919   0.4283683723224847   0.493094356370919   0.4283683723224847   0.7471287037037037   0.7471287037037037   
0.49711628989480805   0.43735250193805736   0.49711628989480805   0.43735250193805736   0.7824533950617284   0.7824533950617284   
0.482008415872199   0.44295575769514056   0.482008415872199   0.44295575769514056   0.8327406635802469   0.8327406635802469   
0.48658441938792146   0.43800120537459075   0.48658441938792146   0.43800120537459075   0.8663656635802469   0.8663656635802469   
0.4780490386864699   0.4262431154791066   0.4780490386864699   0.4262431154791066   0.933601851851852   0.933601851851852   
0.4855067716657524   0.4271062279072574   0.4855067716657524   0.4271062279072574   0.9669444444444444   0.9669444444444444   
