0.5   0.5   0.5   0.5   0.0   0.0   
0.4840591230020327   0.5   0.4840591230020327   0.5   0.2286170664568178   0.2354042384863416   
0.5086668547135277   0.47975734504109513   0.5086668547135277   0.47975734504109513   0.4907144223309373   0.4928058946418472   
0.4783209694117283   0.46649704057679436   0.4783209694117283   0.46649704057679436   0.5635690457806388   0.5641831128390833   
0.47613178648552384   0.38677872012584863   0.47613178648552384   0.38677872012584863   0.7280104323132203   0.7284670649690723   
0.5149252592705592   0.36162600082181706   0.5149252592705592   0.36162600082181706   0.8641318270638388   0.8642320457248608   
0.5049348436977265   0.36334814448363095   0.5049348436977265   0.36334814448363095   0.8713770896595715   0.8714784016145208   
0.4840131406139949   0.3632774916373356   0.4840131406139949   0.3632774916373356   0.8855604405495884   0.8857135017775332   
0.476627433852116   0.36974029224370264   0.476627433852116   0.36974029224370264   0.9140287690364993   0.9143367136462335   
0.46726203814948175   0.3671016122000339   0.46726203814948175   0.3671016122000339   0.9641825696135868   0.9643363597014487   
