0.5   0.5   0.5   0.5   0.0   0.0   
0.4863018837291432   0.5   0.4863018837291432   0.5   0.2305105691132903   0.2305604884178766   
0.4879097479140731   0.4743427690417306   0.4879097479140731   0.4743427690417306   0.4322095491572958   0.43224334497158545   
0.5040301954696863   0.4524350670903434   0.5040301954696863   0.4524350670903434   0.5903002747671161   0.5903042965288897   
0.4772773546860362   0.4295851183328284   0.4772773546860362   0.4295851183328284   0.6835674136832467   0.6835710606012101   
0.4802965158534394   0.38196146748574566   0.4802965158534394   0.38196146748574566   0.8413749838575653   0.8413771834619035   
0.49640869322269804   0.38294238391378893   0.49640869322269804   0.38294238391378893   0.9346927735633321   0.9346938694608813   
0.4870398516737886   0.394653324886766   0.4870398516737886   0.394653324886766   0.9493367345070135   0.9493370989385012   
0.45718933496424563   0.3980357550667457   0.45718933496424563   0.3980357550667457   0.9568370807915626   0.9568371016162227   
0.452212897830265   0.41765389216358356   0.452212897830265   0.41765389216358356   0.9783677113140817   0.9783677139171666   
