29 4 1 3 6 2 1 2 2 4 2 2 6 1 1 1 5 2 1 4 4 0 2 4 4 0 3 3 1 0 
56 7 6 4 12 4 5 0 6 6 3 5 7 4 3 2 0 4 2 6 0 2 7 8 5 2 8 5 0 9 
75 10 8 0 14 6 6 3 9 0 5 6 9 6 5 3 3 0 3 8 0 5 9 9 8 3 10 8 0 43 
121 13 9 3 15 10 8 5 10 1 11 8 10 8 8 0 5 3 0 10 0 0 11 10 10 4 11 11 1 47 
157 15 0 5 19 13 10 6 12 2 13 10 11 10 10 2 9 0 3 11 3 1 12 12 12 6 16 12 0 58 
187 19 2 0 21 17 13 8 16 3 14 11 14 12 0 0 0 0 0 15 8 5 14 13 14 7 20 13 0 75 
221 23 5 2 23 19 18 9 19 5 18 12 15 14 1 0 0 3 0 0 10 6 0 15 16 9 21 16 1 91 
263 25 0 0 24 20 19 10 22 7 21 0 0 17 2 3 2 6 1 1 14 0 2 19 21 11 25 0 2 99 
307 26 1 0 26 22 20 12 25 8 22 1 3 20 0 4 3 0 2 4 0 0 3 22 24 13 27 1 4 114 
351 27 0 1 0 25 0 16 28 12 0 2 5 21 0 7 4 2 3 7 2 2 5 23 26 0 30 2 8 123 
