12 4 4 1 5 6 2 1 1 0 6 3 4 4 2 2 4 2 0 6 6 2 5 7 2 1 4 1 3 0 
22 7 7 6 11 0 5 2 7 3 7 6 5 8 6 6 6 4 2 10 8 5 8 12 8 4 8 3 7 1 
42 0 8 7 14 3 7 3 9 4 8 7 6 11 8 10 0 7 4 12 10 0 12 14 11 6 10 4 8 31 
65 0 10 10 0 4 10 6 10 0 10 11 7 0 12 12 2 9 5 15 11 2 13 16 0 7 13 6 11 59 
89 3 13 11 1 5 11 8 12 1 12 14 9 0 0 0 4 14 0 16 13 4 17 0 1 12 16 12 12 81 
118 4 15 0 2 0 13 11 15 5 14 15 11 2 2 1 5 17 1 0 0 5 19 2 5 16 0 14 0 106 
137 7 17 1 0 1 0 16 17 7 17 16 13 5 4 3 6 19 6 0 2 6 23 0 7 17 1 17 3 133 
161 11 18 2 2 5 3 17 18 0 19 17 14 9 7 6 7 21 9 1 3 8 25 1 10 21 5 0 5 152 
179 12 24 0 4 9 6 18 20 0 25 21 15 10 8 10 8 24 0 5 4 10 26 2 12 23 8 1 9 173 
205 15 0 1 5 11 9 19 21 2 27 22 0 14 9 11 9 29 1 7 0 0 27 3 0 0 9 4 10 208 
