42 3 0 1 3 1 0 3 3 2 5 1 2 1 1 1 3 2 1 2 2 4 2 2 1 1 0 3 2 6 
79 5 2 2 4 4 3 4 5 0 7 2 5 5 3 0 5 0 2 0 4 0 6 3 7 4 2 5 0 19 
109 6 3 5 5 7 4 9 6 2 9 4 8 6 0 1 0 1 5 1 5 2 7 4 8 8 4 9 0 41 
146 7 6 7 9 9 7 10 7 0 11 5 9 7 2 5 4 2 0 0 0 4 9 5 11 9 6 11 0 58 
160 11 8 11 12 13 10 13 9 2 0 9 10 8 4 7 6 3 1 6 0 6 0 7 13 0 0 12 0 90 
197 14 9 12 15 0 14 16 11 3 2 11 11 0 6 8 8 7 3 7 2 0 2 8 14 1 3 15 0 105 
228 0 13 15 18 1 19 17 14 5 3 14 0 1 0 10 11 9 4 10 6 2 3 9 18 2 4 20 1 116 
271 3 15 16 21 2 0 0 18 6 4 16 2 0 1 11 13 12 5 11 7 5 4 10 21 3 7 23 0 128 
317 4 18 17 23 4 1 2 19 0 8 0 3 1 6 12 14 14 9 0 8 8 7 0 23 4 9 25 1 135 
364 0 22 20 24 5 3 6 22 1 0 0 4 4 7 14 15 15 10 1 9 11 10 2 27 5 0 27 2 141 
