0.5   0.5   0.5   0.5   0.0   0.0   
0.4009157003993109   0.5   0.4009157003993109   0.5   0.2714796758606376   0.2784683785027203   
0.44089187946279684   0.41806143428026116   0.44089187946279684   0.41806143428026116   0.5093368820214149   0.5140682960219579   
0.5158115309487878   0.35344828091557634   0.5158115309487878   0.35344828091557634   0.6420384673962575   0.6426015140445551   
0.49420053195927277   0.37025525065098513   0.49420053195927277   0.37025525065098513   0.6994379156545453   0.6999484841694084   
0.5005063106036176   0.3653119985202036   0.5005063106036176   0.3653119985202036   0.7924977400591369   0.7928056846664919   
0.497010077805343   0.36081350232445936   0.497010077805343   0.36081350232445936   0.8569882988664848   0.8571417245233968   
0.4780565152010423   0.3320792945211351   0.4780565152010423   0.3320792945211351   0.9071428309818786   0.9071938513901795   
0.4810398517290234   0.3315192972579723   0.4810398517290234   0.3315192972579723   0.9571913108187524   0.9571942262711804   
0.47201909930221797   0.3469364712823249   0.47201909930221797   0.3469364712823249   0.9714795839714435   0.9714799484033279   
