0.5   0.5   0.5   0.5   0.0   0.0   
0.4000000749999125   0.5   0.4000000749999125   0.5   0.3200754786522634   0.3200754786522634   
0.5582191502189794   0.5028985504725898   0.5582191502189794   0.5028985504725898   0.44069177786351166   0.44069177786351166   
0.5145556298978206   0.49962962964609053   0.5145556298978206   0.49962962964609053   0.5093588381344307   0.5093588381344307   
0.5024409522065217   0.5020266181993984   0.5024409522065217   0.5020266181993984   0.5432756630658436   0.5432756630658436   
0.5076655308792057   0.5048653174673617   0.5076655308792057   0.5048653174673617   0.6099515992798354   0.6099515992798354   
0.5031477562909813   0.5096425454430321   0.5031477562909813   0.5096425454430321   0.6266183508444788   0.6266183508444788   
0.5251240112117956   0.5320694386614713   0.5251240112117956   0.5320694386614713   0.7266183508444788   0.7266183508444788   
0.5392723870298212   0.5428873585997324   0.5392723870298212   0.5428873585997324   0.7274521509987998   0.7274521509987998   
0.5475480413727856   0.5469338591982168   0.5475480413727856   0.5469338591982168   0.7302299313485939   0.7302299313485939   
