33 4 3 4 4 3 0 3 0 2 4 1 3 5 0 2 6 6 2 0 5 0 1 0 1 4 1 2 1 0 
56 7 4 8 5 0 0 6 5 5 8 3 0 7 0 4 7 9 3 0 10 4 4 3 4 5 4 3 0 19 
86 9 0 9 0 2 3 0 8 8 10 4 2 0 5 6 8 10 6 2 11 6 9 5 7 6 7 5 0 37 
129 0 1 0 2 6 5 3 10 9 13 6 4 0 8 8 10 11 0 4 14 8 10 0 8 8 13 6 1 45 
159 1 0 2 5 7 6 5 13 10 14 7 0 1 9 9 12 13 2 0 16 10 12 3 11 9 0 8 0 75 
199 3 0 3 0 8 9 7 16 13 15 12 3 3 12 10 13 0 5 1 20 11 15 5 13 10 0 0 0 87 
237 5 3 0 0 9 12 10 17 15 17 13 5 4 14 11 15 2 6 4 23 0 16 8 0 13 0 0 1 106 
279 0 4 0 1 12 16 13 0 17 18 14 6 0 16 12 17 3 7 8 24 2 19 0 3 15 5 4 0 116 
322 4 8 1 3 13 18 17 2 21 20 16 8 1 0 14 20 4 8 9 0 3 21 2 4 16 7 5 0 124 
370 5 9 4 4 15 19 0 4 22 23 18 9 2 3 0 24 7 11 11 1 0 23 4 0 20 0 9 0 129 
