39 3 1 1 3 1 1 0 3 2 1 1 5 4 3 3 1 1 2 3 2 2 0 3 2 3 2 1 0 7 
73 7 3 0 6 3 4 3 5 3 5 0 0 0 0 7 0 2 4 5 6 4 0 4 0 4 6 5 0 24 
101 8 8 4 10 6 7 7 6 6 0 0 5 1 0 8 0 0 6 6 0 6 1 6 1 6 10 6 1 44 
128 11 9 0 13 8 9 10 7 10 4 0 8 0 2 9 3 2 7 8 1 8 5 0 2 11 11 7 0 65 
167 15 11 0 15 0 0 0 8 13 7 3 9 0 4 0 5 3 9 9 5 11 8 4 3 12 15 8 0 78 
199 16 14 0 16 5 0 1 10 0 8 0 0 4 0 2 7 7 11 0 6 15 0 6 6 13 16 9 2 103 
237 0 0 1 18 8 2 2 11 1 0 0 1 7 2 3 10 10 13 3 7 19 2 7 7 0 19 11 0 122 
274 5 3 5 0 11 4 0 14 3 1 2 2 0 5 5 11 13 14 5 10 0 3 10 10 1 21 0 2 132 
318 7 4 0 2 12 6 1 16 6 2 5 4 1 8 7 12 14 16 0 11 4 0 13 13 2 22 2 3 142 
363 8 5 2 4 13 0 5 17 7 5 6 5 8 10 9 14 17 17 1 0 5 2 15 14 3 23 4 4 150 
