33 4 2 2 1 2 5 1 2 0 6 2 0 1 1 1 4 7 1 4 1 2 5 4 3 1 1 2 2 0 
58 8 7 3 5 4 0 4 0 2 9 3 4 2 4 4 5 0 3 6 4 3 11 8 5 4 4 5 3 8 
94 0 0 6 0 8 2 8 3 0 11 7 5 3 7 0 0 1 0 0 6 4 14 10 8 7 9 0 4 24 
111 2 2 0 3 11 6 11 5 0 14 8 0 7 12 2 2 3 3 3 7 6 0 11 9 9 12 2 0 51 
154 3 5 0 4 14 9 13 7 0 17 12 1 8 15 3 4 7 5 6 0 7 2 0 10 11 14 0 1 60 
189 5 0 2 5 17 11 16 0 4 18 16 0 10 16 6 0 0 6 0 2 8 3 3 14 12 19 2 2 76 
223 0 3 3 12 0 13 19 1 6 20 19 1 11 19 9 1 1 7 0 3 10 4 4 0 14 21 5 0 95 
258 1 8 6 15 0 15 20 2 7 23 0 3 14 22 11 2 7 9 2 0 12 5 6 1 17 23 7 1 105 
295 2 0 9 17 1 19 22 5 0 25 2 4 18 0 13 4 0 14 0 1 19 7 8 3 18 24 11 2 113 
339 6 2 10 21 2 22 0 6 1 28 0 6 21 0 0 9 1 15 1 3 0 8 11 4 19 26 0 3 125 
