0.5   0.5   0.5   0.5   0.0   0.0   
0.48614102618469074   0.5   0.48614102618469074   0.5   0.22306155047469156   0.22311003027490245   
0.5797809705378147   0.4476190546031736   0.5797809705378147   0.4476190546031736   0.41779081730236384   0.41780575639029893   
0.5362117311637137   0.4799659883700193   0.5362117311637137   0.4799659883700193   0.5111683503270046   0.5111727365202792   
0.5054978910598711   0.4856880260536063   0.5054978910598711   0.4856880260536063   0.5909143602308088   0.5909176218926362   
0.4909041528059179   0.49787522761207165   0.4909041528059179   0.49787522761207165   0.6276009416218845   0.6276016574694633   
0.5461415301271971   0.49431669943838585   0.5461415301271971   0.49431669943838585   0.7562241220689969   0.756224845725818   
0.5417568435624933   0.4881017481858717   0.5417568435624933   0.4881017481858717   0.7563254317182114   0.7563265250126966   
0.5181268185949193   0.5051315846141227   0.5181268185949193   0.5051315846141227   0.7565287769216892   0.7565309765260445   
0.5121214139346573   0.5070155131816154   0.5121214139346573   0.5070155131816154   0.7568870183543828   0.7568881168550103   
