38 1 2 1 3 2 1 0 0 2 5 1 3 2 1 3 2 2 1 3 2 3 3 0 3 0 3 3 1 9 
65 2 4 2 5 3 3 1 1 6 6 3 5 0 2 5 0 3 5 5 3 0 4 3 6 2 5 6 0 37 
89 3 5 4 10 4 7 2 3 0 9 7 7 1 3 6 3 4 0 8 10 2 7 6 7 0 7 0 2 57 
118 6 0 5 15 5 9 0 6 2 12 11 9 0 6 0 10 7 2 10 0 4 10 8 9 3 10 3 4 65 
152 8 2 9 16 0 11 4 9 4 13 12 11 3 7 3 11 8 3 12 0 5 0 10 0 4 14 4 0 86 
178 0 4 11 20 4 14 5 10 5 16 15 14 7 9 4 12 9 5 14 1 0 1 12 1 0 19 7 0 107 
217 2 8 0 23 5 0 8 11 9 20 17 16 8 11 7 13 0 0 17 3 1 2 15 4 1 0 8 0 120 
254 4 12 0 25 0 3 10 13 10 26 19 18 11 14 11 14 2 0 19 5 0 0 0 6 2 3 9 1 132 
295 6 13 2 26 1 5 11 0 11 30 22 20 0 15 12 15 4 4 0 6 4 3 3 8 3 5 11 0 144 
344 8 14 4 27 0 9 13 2 12 33 0 21 1 16 15 16 6 0 2 0 5 0 4 11 4 7 15 0 154 
