0.5   0.5   0.5   0.5   0.0   0.0   
0.4233333978270759   0.5   0.4233333978270759   0.5   0.25367725335048175   0.25367725335048175   
0.5315855997676552   0.48333333492063474   0.5315855997676552   0.48333333492063474   0.5068030355247062   0.5068030355247062   
0.5669288704107807   0.5085365849494349   0.5669288704107807   0.5085365849494349   0.5407246535817335   0.5407246535817335   
0.5595058923506137   0.5169328927152886   0.5595058923506137   0.5169328927152886   0.5926785284538596   0.5926785284538596   
0.5237031382073712   0.5133976604655976   0.5237031382073712   0.5133976604655976   0.6093500575833751   0.6093500575833751   
0.5522960675331963   0.5176563850927608   0.5522960675331963   0.5176563850927608   0.6093555372648024   0.6093555372648024   
0.5575564739700709   0.5168390465352295   0.5575564739700709   0.5168390465352295   0.626040725195615   0.626040725195615   
0.5224238981104606   0.5170053284940426   0.5224238981104606   0.5170053284940426   0.6271984463890485   0.6271984463890485   
0.49617895521589994   0.5159034661680402   0.49617895521589994   0.5159034661680402   0.6294206686113303   0.6294206686113303   
