0.5   0.5   0.5   0.5   0.0   0.0   
0.5257132854986476   0.5   0.5257132854986476   0.5   0.20005109654844627   0.20676100910289374   
0.4873011616886223   0.49678571444642855   0.4873011616886223   0.49678571444642855   0.4117344869438174   0.414270201236564   
0.49799264949689115   0.4410781849277224   0.49799264949689115   0.4410781849277224   0.6277013654988772   0.6282498348898217   
0.5366988114998449   0.4245341636780986   0.5366988114998449   0.4245341636780986   0.7494368742735121   0.7497914661115891   
0.4855969377359169   0.4321834062456341   0.4855969377359169   0.4321834062456341   0.7570389232347042   0.7569897249845132   
0.46709104042916433   0.4180331120249342   0.46709104042916433   0.4180331120249342   0.8500513245964937   0.8500513245970268   
0.4686551181649247   0.45626165551763254   0.4686551181649247   0.45626165551763254   0.9285717537521521   0.9285717537521577   
0.45914451550889596   0.45054188411344803   0.45914451550889596   0.45054188411344803   0.978571774614   0.978622795022297   
0.45938011875962875   0.4394722999095069   0.45938011875962875   0.4394722999095069   0.9928064763381177   0.9929085171544443   
