38 5 2 4 3 0 2 2 3 0 2 2 2 1 1 4 3 2 2 0 0 5 3 1 2 3 4 3 1 0 
60 8 6 0 7 0 4 5 4 3 7 9 3 2 3 5 0 4 6 4 0 8 4 3 5 6 7 5 4 11 
90 10 9 0 9 5 7 8 5 0 9 12 6 3 0 0 2 6 8 0 2 10 0 0 6 8 10 6 0 36 
128 13 10 0 10 7 9 10 7 2 13 14 7 4 1 2 3 8 12 6 3 11 3 3 7 9 12 8 0 45 
168 18 12 1 0 12 13 0 10 4 14 18 8 5 3 0 5 0 14 9 4 12 4 0 8 12 14 9 1 56 
191 21 14 3 1 14 15 5 0 5 16 20 9 7 5 0 8 2 18 10 5 14 5 2 11 14 16 11 2 80 
227 22 15 6 0 15 21 8 2 7 17 22 11 10 7 0 10 0 20 11 6 18 9 4 14 0 17 13 0 93 
261 24 18 7 0 0 23 9 4 9 19 24 15 0 10 3 12 3 0 12 7 20 11 11 15 0 19 16 0 108 
297 25 19 8 2 3 0 13 5 14 20 27 19 2 0 10 16 4 0 14 9 25 13 0 16 1 23 17 0 114 
336 28 22 0 4 0 2 15 8 15 26 29 21 3 1 0 18 5 1 18 12 0 14 1 17 3 26 0 1 127 
