0.5   0.5   0.5   0.5   0.0   0.0   
0.46694324541201326   0.5   0.46694324541201326   0.5   0.270889833183299   0.270889833183299   
0.5192964047025405   0.4764705896193771   0.5192964047025405   0.4764705896193771   0.5067842908521948   0.5067842908521948   
0.4943024611673185   0.4816349622565419   0.4943024611673185   0.4816349622565419   0.5585032853652263   0.5585032853652263   
0.4721040280006056   0.4590500231878262   0.4721040280006056   0.4590500231878262   0.6918742024176955   0.6918742024176955   
0.4846574137566377   0.44057387998687075   0.4846574137566377   0.44057387998687075   0.7918840148319616   0.7918840148319616   
0.4956724919954102   0.4195613480680955   0.4956724919954102   0.4195613480680955   0.8785646501843279   0.8785646501843279   
0.4995454545916329   0.42969095015861875   0.4995454545916329   0.42969095015861875   0.9466295460176611   0.9466295460176611   
0.49676416703561344   0.43634538229302766   0.49676416703561344   0.43634538229302766   0.9808148894032922   0.9808148894032922   
0.47665568588226587   0.44194139257939863   0.47665568588226587   0.44194139257939863   0.9822130401234568   0.9822130401234568   
