0.5   0.5   0.5   0.5   0.0   0.0   
0.4861115722572695   0.5   0.4861115722572695   0.5   0.2372882179627677   0.2372882179627677   
0.4885651505344352   0.4974181272912462   0.4885651505344352   0.4974181272912462   0.438733992487714   0.438733992487714   
0.48404353588173404   0.4671088875873414   0.48404353588173404   0.4671088875873414   0.5915815274682463   0.5915815274682463   
0.5157739076772787   0.44888889002469146   0.5157739076772787   0.44888889002469146   0.7793602338968595   0.7793602338968595   
0.517868850657323   0.44585200503335237   0.517868850657323   0.44585200503335237   0.7980177300838452   0.7980177300838452   
0.4935763869387981   0.4409671301839523   0.4935763869387981   0.4409671301839523   0.8324902700591256   0.8324902700591256   
0.4859933565997862   0.43603453175485385   0.4859933565997862   0.43603453175485385   0.8999905041140824   0.8999905041140824   
0.462819676885137   0.4225905404804912   0.462819676885137   0.4225905404804912   0.9502823289604941   0.9502823289604941   
0.45712856533843704   0.4180249293815989   0.45712856533843704   0.4180249293815989   0.983615740761793   0.983615740761793   
