37 2 1 5 3 3 4 4 3 1 2 5 4 2 2 2 0 1 2 1 1 2 5 2 1 1 1 2 1 0 
56 0 2 8 5 5 9 8 6 3 7 6 6 3 3 4 2 3 3 3 3 4 7 5 6 5 5 5 2 14 
90 3 3 9 8 0 11 11 7 4 8 10 9 4 6 5 5 0 4 4 6 8 0 7 10 8 8 7 3 25 
129 5 6 0 0 1 0 13 0 8 10 12 12 0 8 0 0 3 6 9 8 13 4 9 13 10 11 8 4 32 
169 6 9 3 2 3 1 16 0 10 14 15 13 2 0 3 2 0 9 11 10 14 5 14 15 13 12 10 0 38 
197 0 0 0 4 4 7 0 2 13 15 18 16 0 3 4 8 0 11 12 11 15 7 16 19 14 15 12 0 60 
226 1 5 2 6 5 8 0 5 16 19 19 19 0 5 6 10 1 13 13 12 16 9 0 22 0 16 14 0 85 
259 5 8 5 9 10 0 2 7 17 22 21 20 1 6 8 12 4 14 15 0 17 11 0 24 2 21 15 1 97 
290 7 9 6 14 12 1 3 13 19 26 25 22 2 7 11 14 6 16 16 1 20 12 0 29 3 24 18 0 106 
333 9 11 7 18 13 3 5 0 0 28 26 0 5 0 15 17 0 17 18 3 0 13 2 31 6 28 0 0 119 
