0.5   0.5   0.5   0.5   0.0   0.0   
0.4677210313581261   0.5   0.4677210313581261   0.5   0.2786225329849013   0.2854388595337057   
0.4787535254751516   0.4612774651718165   0.4787535254751516   0.4612774651718165   0.4840300408926928   0.4856626939662336   
0.493539662402944   0.445555527256255   0.493539662402944   0.445555527256255   0.6991817020044733   0.6998460606065221   
0.5046124825117301   0.4383032597901482   0.5046124825117301   0.4383032597901482   0.8279062257898738   0.8283154823509696   
0.4936145209012692   0.46171080636732365   0.4936145209012692   0.46171080636732365   0.8422947672649358   0.842653003417341   
0.463436829822158   0.45112853557426347   0.463436829822158   0.45112853557426347   0.8997445097276872   0.8998472794073868   
0.4623964422668355   0.44627658591116365   0.4623964422668355   0.44627658591116365   0.949999617105224   0.9499493255601672   
0.45066536170827265   0.447341305461979   0.45066536170827265   0.447341305461979   0.9641818355820265   0.9641840221709553   
0.445091993402696   0.4431041875655912   0.445091993402696   0.4431041875655912   0.985612237014472   0.9855615810377966   
