0.5   0.5   0.5   0.5   0.0   0.0   
0.5153744028886621   0.5   0.5153744028886621   0.5   0.2039675925925926   0.2039675925925926   
0.42188658757173003   0.49652777792245373   0.42188658757173003   0.49652777792245373   0.4068240740740741   0.4068240740740741   
0.42177714192765225   0.4337125710379139   0.42177714192765225   0.4337125710379139   0.7096388888888889   0.7096388888888889   
0.47194004652806204   0.42010310461948025   0.47194004652806204   0.42010310461948025   0.8277222222222222   0.8277222222222222   
0.43765492827487434   0.4163640843556184   0.43765492827487434   0.4163640843556184   0.9472037037037037   0.9472037037037037   
0.4305975557240981   0.4391603540525194   0.4305975557240981   0.4391603540525194   0.9644398148148149   0.9644398148148149   
0.45304178721681193   0.43543758555255213   0.45304178721681193   0.43543758555255213   0.9819398148148148   0.9819398148148148   
0.4578645743544387   0.43675977724001064   0.4578645743544387   0.43675977724001064   1.0161111111111112   1.0161111111111112   
0.44812419836592554   0.444904339618588   0.44812419836592554   0.444904339618588   1.0166666666666666   1.0166666666666666   
