12 6 1 0 4 4 5 3 5 2 2 4 1 1 3 1 9 0 5 0 2 3 5 4 2 3 3 5 5 0 
28 9 5 1 7 8 7 7 8 8 5 8 3 5 8 3 13 0 7 3 5 0 8 6 3 8 8 7 6 3 
56 11 7 4 10 10 8 9 0 9 0 0 5 12 9 7 14 1 10 0 8 1 13 7 4 0 12 8 8 22 
92 12 8 5 0 13 13 11 1 10 2 2 8 14 0 9 15 3 11 5 9 0 0 13 0 2 0 10 0 40 
123 13 0 0 1 0 15 13 2 11 3 0 9 19 3 10 17 4 15 8 11 3 1 15 2 4 1 14 2 61 
158 14 3 3 3 1 18 14 3 12 4 0 11 24 4 12 18 8 17 9 15 5 2 18 0 8 2 15 3 74 
187 0 7 5 4 4 21 15 0 13 5 4 16 27 9 13 20 9 19 11 18 8 3 20 4 10 3 16 6 84 
221 3 10 8 5 5 0 0 0 16 10 6 21 29 10 20 22 11 21 12 0 10 4 0 5 11 4 0 0 101 
244 6 11 9 8 6 1 2 4 17 14 8 25 32 12 21 24 14 22 14 2 11 0 3 6 14 6 4 4 117 
281 0 12 10 9 7 3 3 7 20 15 11 29 33 13 22 26 15 23 18 0 12 3 4 7 16 0 7 5 136 
