0.5   0.5   0.5   0.5   0.0   0.0   
0.4777281382171306   0.5   0.4777281382171306   0.5   0.20507980226026834   0.20507980226026834   
0.5038702210854974   0.487221432634034   0.5038702210854974   0.487221432634034   0.45931221636107633   0.45931221636107633   
0.4856649717394293   0.4879357774453287   0.4856649717394293   0.4879357774453287   0.6101832943589235   0.6101832943589235   
0.47648140149420554   0.4751020837871071   0.47648140149420554   0.4751020837871071   0.7796424970381198   0.7796424970381198   
0.47928833388896697   0.4758327375937506   0.47928833388896697   0.4758327375937506   0.9649203611931949   0.9649203611931949   
0.4915444797037364   0.44698559496176454   0.4915444797037364   0.44698559496176454   0.9821520022697688   0.9821520022697688   
0.4859234535281119   0.4533838705841607   0.4859234535281119   0.4533838705841607   0.9999763888449265   0.9999763888449265   
0.4602690473546998   0.4394710463004472   0.4602690473546998   0.4394710463004472   1.0166432883441157   1.0166432883441157   
0.4322755597958133   0.44149599971154635   0.4322755597958133   0.44149599971154635   1.0169304797025034   1.0169304797025034   
