32 2 2 1 2 3 2 0 1 3 4 2 3 2 2 4 3 2 0 2 0 4 1 5 3 5 4 4 2 0 
51 6 4 4 6 6 8 2 5 5 6 5 6 6 0 9 7 0 1 4 1 9 2 8 5 6 5 5 3 11 
78 8 6 5 0 8 12 0 0 8 9 9 7 7 0 10 0 2 6 7 4 12 3 9 8 8 7 6 0 34 
113 12 9 7 1 0 17 2 1 9 10 12 8 0 1 11 2 4 10 9 6 0 0 11 0 10 10 9 1 50 
141 16 0 8 3 3 18 4 0 10 11 14 10 1 2 13 0 6 0 12 9 3 1 12 4 0 14 11 2 75 
177 0 2 11 0 7 19 7 4 11 14 15 12 3 4 15 0 7 1 13 10 6 0 14 6 3 16 16 0 88 
225 2 0 13 2 10 22 9 0 13 17 18 13 4 7 16 2 10 4 16 12 0 1 16 0 0 0 17 0 95 
259 4 3 16 3 0 25 11 5 17 19 19 14 6 9 19 4 11 6 17 13 1 0 18 4 1 4 18 1 106 
295 6 4 18 4 2 27 0 8 19 23 0 20 10 11 21 6 13 10 18 14 4 1 0 7 0 6 20 2 115 
333 0 5 23 6 5 30 2 10 22 0 1 25 11 13 0 9 16 12 22 15 0 2 2 8 4 8 0 0 124 
