27 6 3 2 2 3 3 1 3 1 0 3 1 3 4 3 0 6 2 3 1 1 0 1 3 4 2 7 1 4 
62 7 4 5 8 5 4 0 7 2 2 5 0 5 6 4 3 8 5 6 3 4 0 2 4 6 3 8 0 19 
106 0 0 6 0 0 5 1 0 3 4 7 1 8 9 7 4 9 9 8 7 7 2 4 0 7 5 9 0 34 
128 2 2 7 4 1 7 6 0 0 5 11 6 10 12 9 9 12 10 11 10 12 6 5 0 9 6 12 0 47 
165 6 5 10 6 4 0 7 2 3 7 12 7 11 15 11 11 13 12 13 12 15 7 7 3 11 8 14 0 55 
205 0 8 0 7 7 3 11 3 4 8 17 9 13 16 12 15 16 15 14 13 17 8 10 5 0 9 15 0 65 
231 3 9 2 9 10 4 12 6 5 10 18 11 14 17 0 0 17 18 15 14 19 9 0 8 2 10 18 2 95 
274 6 13 6 0 11 6 14 0 6 11 20 14 15 18 1 3 21 0 17 15 20 11 3 0 0 11 20 0 107 
318 10 0 8 1 12 9 16 1 9 13 21 18 16 0 4 5 23 1 19 0 21 0 5 2 0 13 21 1 119 
363 0 3 9 2 0 10 17 4 12 16 22 20 17 2 9 8 25 2 20 2 23 1 6 0 0 0 0 0 134 
