0.5   0.5   0.5   0.5   0.0   0.0   
0.5076051961175696   0.5   0.5076051961175696   0.5   0.23729307776606204   0.23729307776606204   
0.49875011748190445   0.5   0.49875011748190445   0.5   0.3240395492628399   0.3240395492628399   
0.477987198979397   0.4915208743446955   0.477987198979397   0.4915208743446955   0.49489164809478303   0.49489164809478303   
0.44701155026955075   0.48934911292481487   0.44701155026955075   0.48934911292481487   0.7616140338115666   0.7616140338115666   
0.4433705247762371   0.5327171878368069   0.4433705247762371   0.5327171878368069   0.881063805030715   0.881063805030715   
0.4802730136929768   0.5534043895673293   0.4802730136929768   0.5534043895673293   0.9494162035475369   0.9494162035475369   
0.46955845015444303   0.5743261904829853   0.46955845015444303   0.5743261904829853   0.9994302468449454   0.9994302468449454   
0.4848948002732599   0.5850898902427262   0.4848948002732599   0.5850898902427262   1.0169397376296487   1.0169397376296487   
0.48923863952316243   0.591408490301135   0.48923863952316243   0.591408490301135   1.0169444457075785   1.0169444457075785   
