0.5   0.5   0.5   0.5   0.0   0.0   
0.4865728820494972   0.5   0.4865728820494972   0.5   0.2714796783521589   0.278136383909113   
0.5009685595870491   0.4484209827880574   0.5009685595870491   0.4484209827880574   0.4619375142363272   0.46427752881805295   
0.5016081442029707   0.4412169549289594   0.5016081442029707   0.4412169549289594   0.5849462947903985   0.5854051140329017   
0.48583713221932295   0.41646292256323597   0.48583713221932295   0.41646292256323597   0.6423945693002803   0.6425505459770587   
0.5054216491290332   0.41017857367410676   0.5054216491290332   0.41017857367410676   0.7494882933632278   0.7498979143547412   
0.4985668907980314   0.4147449110981863   0.4985668907980314   0.4147449110981863   0.7497437754911987   0.7499489504188172   
0.4777121180303759   0.387121204706133   0.4777121180303759   0.387121204706133   0.7928575018777981   0.7928575018779338   
0.48295207170690946   0.37694598619354863   0.48295207170690946   0.37694598619354863   0.8713779153397954   0.8714289357486293   
0.480864465671884   0.3616206182111747   0.480864465671884   0.3616206182111747   0.9571424927113654   0.956990160349985   
