28 1 7 1 1 0 2 2 1 1 1 1 2 1 4 0 4 2 2 1 2 3 1 3 3 2 1 1 3 19 
55 0 8 2 0 4 0 4 0 0 6 2 3 4 9 2 7 5 4 5 7 7 0 0 5 0 2 2 4 41 
88 1 0 3 0 7 1 6 1 0 9 3 0 5 12 5 8 0 5 7 8 12 2 3 6 1 3 0 8 66 
110 3 0 8 4 9 2 7 3 0 13 5 2 7 13 6 10 4 6 11 9 0 4 6 8 5 0 5 0 87 
137 5 3 9 6 12 4 9 4 2 16 10 3 9 17 8 14 6 10 0 10 0 0 8 11 0 0 9 0 105 
168 0 0 13 9 13 7 0 5 4 17 15 0 12 19 0 0 7 11 3 12 2 0 10 0 3 5 10 0 129 
195 2 0 15 11 14 10 3 6 7 18 16 1 14 20 1 1 9 14 4 13 3 4 11 1 6 6 0 2 157 
232 3 3 16 0 16 0 0 8 11 19 18 4 15 25 3 3 11 15 5 15 4 7 0 0 8 10 3 3 171 
252 9 4 19 1 19 1 0 10 0 23 19 6 16 26 0 5 13 17 10 18 7 0 3 2 13 14 5 4 191 
280 10 7 21 2 20 3 1 14 1 25 21 8 19 27 2 7 0 19 0 19 9 1 6 3 14 17 6 5 217 
