14 2 2 0 3 1 5 4 6 6 0 2 5 5 4 3 3 5 3 3 1 7 3 3 3 2 2 2 1 0 
23 5 6 4 5 0 8 8 9 10 6 4 9 7 6 6 5 8 7 5 4 13 4 6 5 4 7 6 2 7 
55 7 0 5 7 2 9 11 10 12 9 6 12 9 8 7 0 10 11 9 5 14 6 8 6 5 9 8 0 26 
84 8 3 6 0 4 11 12 11 0 13 11 0 12 9 9 4 14 0 10 6 16 8 12 8 6 13 13 1 40 
115 13 0 0 2 7 14 16 15 1 14 13 2 0 11 0 8 18 1 11 8 0 9 0 10 8 16 0 2 59 
149 15 0 1 3 8 16 22 17 2 15 0 4 0 13 0 10 22 0 14 0 2 0 2 11 9 0 2 3 86 
178 18 2 4 0 10 20 0 24 3 17 1 5 1 14 4 11 23 1 17 1 4 0 4 0 10 0 5 0 110 
202 0 3 0 3 11 21 0 25 4 19 4 8 4 15 8 12 27 4 0 3 6 1 9 1 11 2 7 0 138 
233 1 4 2 0 12 0 1 28 5 21 6 10 6 18 9 13 28 7 2 6 11 3 11 3 12 5 9 0 158 
270 5 6 6 2 13 0 4 29 9 24 7 0 9 21 11 14 31 8 3 0 15 0 12 6 16 0 0 1 169 
