19 1 0 6 1 6 1 8 1 4 3 4 3 2 4 3 3 2 4 3 3 6 4 1 2 0 1 2 3 0 
23 4 3 10 4 9 3 14 6 5 7 11 7 6 9 4 6 6 6 0 8 10 7 2 5 4 3 5 6 4 
47 7 7 12 7 11 6 17 0 9 0 13 10 7 0 6 8 7 7 2 10 12 9 0 9 6 5 7 8 24 
66 9 9 0 10 13 12 20 0 11 3 15 13 9 1 9 12 9 9 4 14 0 10 0 15 0 7 8 9 46 
101 0 0 2 12 14 14 21 0 13 6 16 14 12 2 10 15 11 12 9 15 0 14 1 17 4 9 11 0 61 
122 1 1 4 14 0 19 22 0 14 8 18 18 15 3 11 21 0 14 0 16 4 17 4 19 6 12 13 0 86 
151 2 0 5 15 4 21 23 3 15 9 21 20 17 4 12 22 1 17 1 0 6 18 5 21 7 16 14 3 112 
176 3 2 9 17 6 22 24 4 16 10 24 21 20 8 14 0 3 18 5 2 9 21 6 24 0 17 16 4 135 
206 4 0 10 20 0 24 25 0 17 12 26 22 21 9 15 0 0 22 0 5 12 0 9 27 3 19 17 6 164 
232 8 0 11 21 3 27 30 1 21 15 0 26 24 10 18 2 4 23 4 7 13 0 10 0 4 0 19 0 184 
