35 1 1 5 2 4 3 2 1 2 2 2 0 2 2 1 2 3 1 4 5 4 2 2 4 3 2 3 0 0 
63 6 0 10 0 6 10 3 0 3 4 3 0 4 3 2 4 6 4 8 9 8 0 5 5 4 4 4 1 15 
106 8 3 12 3 7 14 7 2 7 7 4 4 0 4 4 5 0 0 0 0 11 0 7 6 5 6 0 0 26 
127 0 5 16 7 0 16 0 3 0 11 0 7 2 8 6 8 3 1 1 0 0 3 11 9 7 8 1 2 52 
152 4 6 17 9 5 19 0 6 0 13 2 8 4 9 8 10 4 5 2 2 4 6 14 10 9 9 2 0 73 
183 0 9 19 0 7 22 1 8 7 14 5 11 7 12 10 11 6 9 4 0 6 8 17 12 11 0 6 0 83 
210 3 14 22 3 9 23 4 11 0 18 0 13 0 14 11 14 7 13 8 1 7 9 19 14 14 0 9 0 99 
246 4 16 23 0 10 28 5 12 4 23 0 14 1 15 0 17 9 0 11 5 10 11 20 16 0 0 11 0 117 
289 7 0 26 2 12 30 7 13 0 27 1 17 5 17 1 23 0 4 12 6 12 13 21 17 2 1 0 0 123 
331 8 2 0 4 16 31 9 17 5 29 2 19 7 19 2 24 3 6 0 7 0 22 23 0 0 2 0 0 131 
