0.5   0.5   0.5   0.5   0.0   0.0   
0.4808335628158391   0.5   0.4808335628158391   0.5   0.20892893653393876   0.20897834042827185   
0.4989437883014762   0.4809523830687827   0.4989437883014762   0.4809523830687827   0.4321738349261675   0.4321931315734432   
0.48394820894971136   0.47730576348968157   0.48394820894971136   0.47730576348968157   0.546928919008665   0.546937670570538   
0.5235885539603692   0.4174290907910784   0.5235885539603692   0.4174290907910784   0.783006517257488   0.7830102006186038   
0.5034634972407638   0.424552255065192   0.5034634972407638   0.424552255065192   0.8053560282516667   0.8053575041991964   
0.4759295299559099   0.4491985008171764   0.4759295299559099   0.4491985008171764   0.8346927786583385   0.8346942415904521   
0.4463651952610921   0.44671156952168345   0.4463651952610921   0.44671156952168345   0.8922959049605409   0.892295920579038   
0.467182925896417   0.43196197468526787   0.467182925896417   0.43196197468526787   0.9495408159359365   0.9495411829705055   
0.46626892095872785   0.425849244039551   0.46626892095872785   0.425849244039551   0.9710717952156689   0.9710717952156689   
