0.5   0.5   0.5   0.5   0.0   0.0   
0.5620860824353678   0.5   0.5620860824353678   0.5   0.2533899909979424   0.2533899909979424   
0.550139688127813   0.5   0.550139688127813   0.5   0.4070574511316873   0.4070574511316873   
0.5241208285109301   0.5   0.5241208285109301   0.5   0.5101971219135802   0.5101971219135802   
0.5132924573865645   0.5   0.5132924573865645   0.5   0.5124521450617283   0.5124521450617283   
0.49743691213539526   0.5   0.49743691213539526   0.5   0.5130408899176955   0.5130408899176955   
0.5012847675152243   0.5228458225629934   0.5012847675152243   0.5228458225629934   0.7138790110596708   0.7138790110596708   
0.49004461149103523   0.5539480805374148   0.49004461149103523   0.5539480805374148   0.7977727610596708   0.7977727610596708   
0.4781423353339243   0.5636933864938078   0.4781423353339243   0.5636933864938078   0.8488933641975309   0.8488933641975309   
0.4751208134854449   0.6154994566169169   0.4751208134854449   0.6154994566169169   0.9327824074074074   0.9327824074074074   
