0.5   0.5   0.5   0.5   0.0   0.0   
0.5218373801276045   0.5   0.5218373801276045   0.5   0.2867237040531419   0.2867237040531419   
0.5189673301157632   0.5120647457545743   0.5189673301157632   0.5120647457545743   0.4556733365360086   0.4556733365360086   
0.5277867991397441   0.5253430340357071   0.5277867991397441   0.5253430340357071   0.5251736544390655   0.5251736544390655   
0.5030518105264032   0.525095167335334   0.5030518105264032   0.525095167335334   0.5621460336836253   0.5621460336836253   
0.49321128994917507   0.5243239713791262   0.49321128994917507   0.5243239713791262   0.6124380090351819   0.6124380090351819   
0.5153813150971109   0.5739569041374946   0.5153813150971109   0.5739569041374946   0.7960491973071799   0.7960491973071799   
0.4928625750790487   0.5740712898735164   0.4928625750790487   0.5740712898735164   0.7966422528627354   0.7966422528627354   
0.5215111024632152   0.5963198451530743   0.5215111024632152   0.5963198451530743   0.864420034500699   0.864420034500699   
0.5098002819968867   0.5905967074731373   0.5098002819968867   0.5905967074731373   0.8644200473607934   0.8644200473607934   
