0.5   0.5   0.5   0.5   0.0   0.0   
0.5049836299216504   0.5   0.5049836299216504   0.5   0.2033333333333333   0.2033333333333333   
0.5245770732830494   0.4917647069034985   0.5245770732830494   0.4917647069034985   0.4411111111111111   0.4411111111111111   
0.5259516250791628   0.47807017659279766   0.5259516250791628   0.47807017659279766   0.5422222222222222   0.5422222222222222   
0.5006734904027648   0.4873824340625251   0.5006734904027648   0.4873824340625251   0.5933333333333334   0.5933333333333334   
0.48843438746964973   0.45461386228830647   0.48843438746964973   0.45461386228830647   0.7266666666666667   0.7266666666666667   
0.5120978500097602   0.42823691578671763   0.5120978500097602   0.42823691578671763   0.8269444444444445   0.8269444444444445   
0.500503130061847   0.42516516087123535   0.500503130061847   0.42516516087123535   0.8269444444444445   0.8269444444444445   
0.49447807596387583   0.42380823076145646   0.49447807596387583   0.42380823076145646   0.8769444444444444   0.8769444444444444   
0.4721068400202731   0.4157382105873557   0.4721068400202731   0.4157382105873557   0.9102777777777777   0.9102777777777777   
