0.5   0.5   0.5   0.5   0.0   0.0   
0.49548482591982485   0.5   0.49548482591982485   0.5   0.2500511147514272   0.2569676599580593   
0.5199755169986414   0.44088670358416787   0.5199755169986414   0.44088670358416787   0.5043368896634509   0.5070384202820423   
0.503675961754893   0.44454403667786324   0.503675961754893   0.44454403667786324   0.5700486612131038   0.5712738798753285   
0.45656863848328516   0.44212692509804485   0.45656863848328516   0.44212692509804485   0.6209124160483297   0.6214280866045356   
0.46702202196905945   0.41949553466775374   0.46702202196905945   0.41949553466775374   0.7498439552333416   0.7500505878874844   
0.4761089334538321   0.41497577622707515   0.4761089334538321   0.41497577622707515   0.8569890121673908   0.8571938226633078   
0.4519323997482916   0.40840365690144675   0.4519323997482916   0.40840365690144675   0.9214266944757248   0.9214288810653131   
0.4405470824592608   0.4185801490579206   0.4405470824592608   0.4185801490579206   0.9357142310310991   0.9357656158707511   
0.4171738243848937   0.4255640899115799   0.4171738243848937   0.4255640899115799   0.9500513301936467   0.9500513301936534   
