22 3 2 6 2 0 4 2 3 1 1 3 1 2 9 4 2 4 4 6 6 1 1 4 1 1 2 2 1 0 
58 6 4 7 3 2 6 3 8 3 3 6 4 4 10 5 3 5 6 9 7 4 5 8 4 2 7 6 2 0 
102 8 5 0 0 3 7 0 12 4 6 9 8 6 11 8 4 6 8 10 11 5 6 12 5 3 0 7 0 12 
120 10 8 1 1 0 9 1 0 5 9 12 12 0 0 10 7 0 9 11 14 7 0 15 7 6 1 11 0 48 
162 13 9 2 3 6 12 2 3 13 0 16 0 3 2 0 11 1 11 0 0 8 2 16 8 0 2 14 0 53 
205 17 10 7 0 7 0 4 6 16 2 17 0 5 5 1 13 3 18 0 1 9 0 0 0 2 3 16 2 62 
246 21 12 8 1 9 0 6 10 18 3 0 2 0 0 4 14 4 22 4 0 11 2 3 2 5 5 17 0 72 
278 23 0 9 0 13 1 8 13 19 7 3 3 3 3 7 15 8 25 0 3 14 4 8 4 0 7 18 0 83 
313 26 2 14 0 16 0 10 15 22 9 7 4 0 5 9 18 9 28 3 0 19 0 11 5 3 10 19 0 91 
352 29 0 17 4 0 1 12 0 24 10 8 6 1 9 13 19 11 32 5 2 20 2 13 7 5 13 20 2 98 
