0.5   0.5   0.5   0.5   0.0   0.0   
0.443492141182023   0.5   0.443492141182023   0.5   0.3033888888888889   0.3033888888888889   
0.5455842191818608   0.5   0.5455842191818608   0.5   0.4240185185185185   0.4240185185185185   
0.5600287878345651   0.5064468207689773   0.5600287878345651   0.5064468207689773   0.5090370370370371   0.5090370370370371   
0.5336400287014184   0.5038896605785146   0.5336400287014184   0.5038896605785146   0.5432222222222223   0.5432222222222223   
0.5104926510595609   0.5014354360782938   0.5104926510595609   0.5014354360782938   0.5454444444444444   0.5454444444444444   
0.5135326112636409   0.5048961037969039   0.5135326112636409   0.5048961037969039   0.5637824074074074   0.5637824074074074   
0.49958761097589993   0.5074398232616533   0.49958761097589993   0.5074398232616533   0.5637824074074074   0.5637824074074074   
0.5108901990159711   0.5139650571352552   0.5108901990159711   0.5139650571352552   0.6646157407407408   0.6646157407407408   
0.5284570021445798   0.5068927388010612   0.5284570021445798   0.5068927388010612   0.6651712962962963   0.6651712962962963   
