45 3 1 1 2 0 2 2 0 2 1 0 2 1 0 0 2 1 2 4 2 5 1 3 3 4 1 1 1 8 
80 4 0 2 5 1 3 3 3 4 3 0 0 2 2 2 0 0 5 9 4 8 2 4 4 5 4 2 2 31 
124 0 2 3 0 3 6 7 0 5 5 2 3 3 3 5 1 1 7 0 5 9 5 8 6 8 5 4 5 38 
161 2 4 4 0 8 9 0 3 7 6 4 6 6 4 9 0 2 10 1 7 10 7 11 0 9 7 6 0 51 
178 4 6 6 1 11 12 2 0 9 8 10 9 8 0 12 0 5 0 3 10 12 12 13 1 11 9 8 0 77 
216 7 8 8 2 12 14 3 1 11 10 11 11 9 0 13 2 6 3 6 11 14 14 0 0 13 13 9 0 96 
247 10 10 10 4 13 15 0 4 14 11 12 0 10 1 15 3 11 0 8 12 18 17 3 1 16 17 11 0 113 
286 11 11 12 7 18 0 2 7 16 0 14 2 11 3 18 9 12 0 10 13 0 18 7 0 18 0 14 0 125 
324 14 0 0 11 19 2 3 8 20 5 0 4 15 6 21 10 13 1 11 18 0 0 8 2 20 3 16 0 135 
340 16 0 3 0 22 0 6 9 21 8 4 6 16 8 0 12 16 3 15 22 1 0 9 7 21 5 17 0 168 
