49 1 2 1 2 1 2 0 0 1 2 2 1 1 1 2 2 0 2 3 4 3 1 1 1 2 1 1 0 11 
76 3 4 4 0 0 5 2 3 2 3 0 4 6 5 3 0 4 5 8 0 4 2 4 3 4 0 4 0 30 
115 5 0 6 1 2 0 4 4 5 7 0 5 7 6 4 2 6 8 0 2 5 0 7 0 6 3 7 1 48 
146 8 2 7 4 5 2 5 5 7 0 1 0 0 9 5 4 8 10 3 3 7 1 13 4 7 5 9 2 65 
176 9 3 11 0 7 5 6 6 11 2 3 0 0 10 7 6 13 12 4 5 8 5 16 5 8 8 11 0 84 
211 10 7 14 3 8 6 9 7 13 6 4 2 2 13 11 7 18 13 5 6 9 8 0 8 10 9 14 0 92 
250 11 10 15 0 10 7 10 8 16 8 5 3 3 14 12 8 21 16 8 11 11 9 3 0 13 10 0 0 108 
279 13 11 20 3 11 0 12 10 19 10 6 4 0 0 16 10 23 18 11 13 15 0 4 3 15 12 0 2 127 
317 16 13 0 0 14 1 14 12 0 13 11 6 0 1 18 11 27 19 12 14 17 1 8 0 16 13 2 0 144 
357 17 16 0 3 15 3 16 13 2 15 15 8 1 2 21 13 31 21 16 17 19 0 11 0 17 15 0 3 150 
