39 2 2 3 1 3 1 0 1 5 4 2 6 3 0 3 3 2 2 2 2 2 1 1 2 1 1 3 3 0 
68 5 3 4 3 0 5 2 5 7 5 3 0 9 2 4 4 5 3 0 5 4 2 7 5 4 5 5 5 10 
107 7 5 5 4 1 9 3 8 8 7 5 3 11 0 0 7 7 4 0 11 8 3 10 10 0 6 6 7 17 
127 0 0 0 5 3 11 5 11 11 8 8 5 12 4 0 10 8 7 3 15 12 0 11 12 1 8 8 0 47 
139 1 5 0 6 0 15 7 14 12 9 0 6 14 5 1 11 11 0 4 19 15 2 14 17 2 11 9 1 84 
147 4 10 1 8 5 16 10 16 15 0 2 7 16 7 0 14 13 0 7 21 0 4 17 18 3 13 10 0 124 
156 6 13 4 10 8 0 11 19 17 4 0 8 18 0 2 15 19 1 8 0 2 7 0 21 5 15 0 1 165 
165 9 17 5 13 9 0 13 20 20 7 0 9 19 2 5 17 21 2 9 3 5 12 1 22 0 17 0 2 206 
169 10 18 7 16 10 1 16 23 24 8 1 11 22 5 7 19 23 5 12 6 0 15 3 24 2 20 2 0 244 
175 14 21 10 0 11 2 0 24 25 9 0 14 23 7 0 20 25 8 14 8 1 0 4 28 3 27 3 2 290 
