0.5   0.5   0.5   0.5   0.0   0.0   
0.496666671166664   0.5   0.496666671166664   0.5   0.20452871913580245   0.20452871913580245   
0.5790032372219777   0.4629629670781889   0.5790032372219777   0.4629629670781889   0.4415066718106996   0.4415066718106996   
0.5402874504567212   0.5058139532179556   0.5402874504567212   0.5058139532179556   0.5615302880658436   0.5615302880658436   
0.506872866284548   0.504583532542038   0.506872866284548   0.504583532542038   0.5965397839506174   0.5965397839506174   
0.535597690403312   0.5061577836483834   0.535597690403312   0.5061577836483834   0.5970959567901235   0.5970959567901235   
0.5250059208364283   0.5014563716665255   0.5250059208364283   0.5014563716665255   0.5971010506687243   0.5971010506687243   
0.5077449415542488   0.5005002998750185   0.5077449415542488   0.5005002998750185   0.5971010506687243   0.5971010506687243   
0.4943316474852456   0.49455721253451995   0.4943316474852456   0.49455721253451995   0.6471290599279835   0.6471290599279835   
0.5190105341006177   0.48942660151897627   0.5190105341006177   0.48942660151897627   0.8137958809156378   0.8137958809156378   
