0.5   0.5   0.5   0.5   0.0   0.0   
0.437969659683252   0.5   0.437969659683252   0.5   0.242908262721765   0.24948807323437916   
0.4808819848364472   0.4040460631572807   0.4808819848364472   0.4040460631572807   0.533111319255927   0.5355493659078038   
0.503972492284792   0.35329033161494966   0.503972492284792   0.35329033161494966   0.6916259775480175   0.6929062253634161   
0.48614085832091   0.34351909760838373   0.48614085832091   0.34351909760838373   0.7491263475956474   0.7499984321450853   
0.46579894639374475   0.3197761098010028   0.46579894639374475   0.3197761098010028   0.8424405110401175   0.8428559629356954   
0.4797542183993753   0.3302554505984419   0.4797542183993753   0.3302554505984419   0.9142248118522811   0.9143363278878007   
0.4551165850487344   0.3304018688657353   0.4551165850487344   0.3304018688657353   0.9497944287345186   0.9500506240704596   
0.4410304583727882   0.33737646841915386   0.4410304583727882   0.33737646841915386   0.9929070564344203   0.9929077852979263   
0.4248416433060052   0.34563492277888047   0.4248416433060052   0.34563492277888047   1.0071913183864194   1.0071938694072258   
