0.5   0.5   0.5   0.5   0.0   0.0   
0.40624350008844023   0.5   0.40624350008844023   0.5   0.2878481638863883   0.2878481638863883   
0.37047895951010645   0.4612825675916953   0.37047895951010645   0.4612825675916953   0.5584464048475366   0.5584464048475366   
0.4144069088735235   0.41289360530904007   0.4144069088735235   0.41289360530904007   0.7593083880894205   0.7593083880894205   
0.43691844867237817   0.3903317651733893   0.43691844867237817   0.3903317651733893   0.8781979033736282   0.8781979033736282   
0.40133781875650487   0.4006097763236983   0.40133781875650487   0.4006097763236983   0.9131980669138661   0.9131980669138661   
0.3993162857562157   0.3908983467012054   0.3993162857562157   0.3908983467012054   0.9979760775030722   0.9979760775030722   
0.40982470375170277   0.4164940825946541   0.40982470375170277   0.4164940825946541   0.9991104924336277   0.9991104924336277   
0.44526099046172113   0.42491525641479283   0.44526099046172113   0.42491525641479283   0.9996802481567215   0.9996802481567215   
0.45042316079541855   0.4385875907114198   0.45042316079541855   0.4385875907114198   1.016370217335391   1.016370217335391   
