14 6 0 4 4 1 5 3 0 4 2 1 1 4 4 5 4 4 4 4 3 2 2 3 3 5 3 1 4 0 
23 9 2 7 9 6 8 8 3 6 6 6 6 7 10 6 8 5 0 7 5 3 5 6 5 8 8 3 5 6 
55 10 5 0 11 8 12 0 6 11 0 7 8 8 13 8 9 7 2 0 0 7 6 8 7 9 12 5 8 21 
85 11 7 2 0 9 14 2 7 12 2 10 11 9 14 11 11 9 3 5 3 0 8 12 8 10 14 7 10 39 
108 0 10 6 3 14 16 6 9 15 5 11 12 0 17 0 13 10 8 6 4 2 9 16 9 0 16 8 12 59 
138 2 0 10 5 0 19 8 0 17 6 13 13 2 0 3 17 12 11 0 6 5 12 18 10 1 0 0 15 81 
169 4 1 17 8 2 20 10 2 20 9 16 14 3 3 4 19 0 12 2 9 8 15 0 11 4 2 0 0 95 
208 7 0 19 9 4 21 11 5 22 11 17 17 4 6 9 0 1 13 4 11 0 0 2 12 5 3 0 0 115 
235 0 2 0 11 9 24 15 0 24 13 19 19 7 7 12 2 3 14 5 12 2 3 4 13 8 0 1 2 136 
269 3 5 0 13 11 25 0 3 0 16 22 21 11 8 14 0 0 0 7 16 6 7 0 14 9 3 0 3 153 
