0.5   0.5   0.5   0.5   0.0   0.0   
0.49927779450679066   0.5   0.49927779450679066   0.5   0.22146290399846705   0.22733899731039411   
0.4913170480318108   0.46831030011007124   0.4913170480318108   0.46831030011007124   0.4185704951367516   0.42101947473518897   
0.5021699407728324   0.42761051037409153   0.5021699407728324   0.42761051037409153   0.6064277322670276   0.6071416535512543   
0.4836477324547634   0.4156514187458351   0.4836477324547634   0.4156514187458351   0.7067316762532196   0.7070899124057461   
0.47635626903668205   0.35958391561623443   0.47635626903668205   0.35958391561623443   0.8422943767103263   0.842703268838478   
0.46686805933823217   0.35672235689165543   0.46686805933823217   0.35672235689165543   0.9211220346992174   0.9213264807633572   
0.4498215781044569   0.36715039610765887   0.4498215781044569   0.36715039610765887   0.9639285504179814   0.9642853288436375   
0.4592595475483678   0.3742187519653325   0.4592595475483678   0.3742187519653325   0.9924475087946996   0.992857129786086   
0.44267813043865994   0.38720682471119927   0.44267813043865994   0.38720682471119927   0.9997951842794838   1.0000510151835393   
