0.5   0.5   0.5   0.5   0.0   0.0   
0.4399471149827706   0.5   0.4399471149827706   0.5   0.23811206173421903   0.23811206173421903   
0.4954028938982896   0.5161946518577695   0.4954028938982896   0.5161946518577695   0.4909278889422668   0.4909278889422668   
0.5841549853899467   0.5271255046711688   0.5841549853899467   0.5271255046711688   0.608752894240651   0.608752894240651   
0.5979639857218935   0.5153055046117364   0.5979639857218935   0.5153055046117364   0.642702433894727   0.642702433894727   
0.5628204911850047   0.4927170870067636   0.5628204911850047   0.4927170870067636   0.6602073001505864   0.6602073001505864   
0.5015768847535267   0.4885690074890911   0.5015768847535267   0.4885690074890911   0.6799341532884531   0.6799341532884531   
0.4917133363690932   0.48500012737946246   0.4917133363690932   0.48500012737946246   0.746610704214379   0.746610704214379   
0.5116068296371912   0.4858688553165429   0.5116068296371912   0.4858688553165429   0.9144070005750116   0.9144070005750116   
0.5224451483220078   0.4987085353257276   0.5224451483220078   0.4987085353257276   0.9144070007893466   0.9144070007893466   
