18 4 0 2 4 5 4 1 1 3 1 5 2 4 3 2 6 3 1 3 2 5 3 8 2 1 0 3 4 0 
27 6 1 8 10 11 0 3 4 4 5 9 5 7 5 4 9 5 5 5 3 8 5 16 5 3 5 7 5 6 
56 8 4 9 0 12 3 5 7 5 6 11 8 9 6 8 10 7 8 8 6 9 7 18 9 5 10 0 0 20 
90 9 6 11 4 16 4 0 10 7 0 0 0 11 8 10 0 9 0 10 7 12 11 21 10 7 11 1 3 38 
113 0 8 14 8 17 6 0 14 10 1 2 3 12 9 12 4 11 1 13 0 13 13 24 11 8 13 3 0 64 
136 3 9 16 10 18 0 3 16 11 3 4 5 13 11 13 7 13 3 14 2 0 17 26 15 9 14 7 0 90 
153 4 12 17 11 0 1 4 20 16 4 7 8 16 14 14 11 15 5 0 4 1 19 0 18 11 15 8 2 120 
176 5 0 18 13 1 3 5 22 18 6 9 11 18 15 15 17 0 0 3 6 3 22 2 19 13 18 0 0 150 
201 0 2 0 15 4 4 6 24 20 8 0 12 20 18 16 21 0 5 5 8 4 24 3 23 15 20 1 2 175 
224 0 6 3 17 6 9 8 25 21 10 2 13 23 20 20 22 1 9 8 0 0 0 5 24 0 21 0 3 204 
