0.5   0.5   0.5   0.5   0.0   0.0   
0.4561904973423924   0.5   0.4561904973423924   0.5   0.30423265591320997   0.30423265591320997   
0.5312718152430794   0.4947368426592797   0.5312718152430794   0.4947368426592797   0.4906829018659052   0.4906829018659052   
0.5210181040364338   0.5125697118672184   0.5210181040364338   0.5125697118672184   0.5440487996511739   0.5440487996511739   
0.5190698782191387   0.52067055594312   0.5190698782191387   0.52067055594312   0.5943268179561502   0.5943268179561502   
0.4752544501191883   0.5175245424342826   0.4752544501191883   0.5175245424342826   0.6282343025465629   0.6282343025465629   
0.46715740909442105   0.5488017675403012   0.46715740909442105   0.5488017675403012   0.761868561831191   0.761868561831191   
0.5015353147549465   0.5855146328549256   0.5015353147549465   0.5855146328549256   0.8468686390774315   0.8468686390774315   
0.5048736317493613   0.5846938215650942   0.5048736317493613   0.5846938215650942   0.8485353111039184   0.8485353111039184   
0.5293647121758968   0.5980494458643832   0.5293647121758968   0.5980494458643832   0.8654936547253177   0.8654936547253177   
