15 5 2 3 2 3 3 1 3 2 6 1 0 2 4 3 1 4 3 4 7 3 4 5 1 2 4 5 2 0 
30 7 3 6 6 6 4 5 9 4 9 8 1 4 0 6 3 6 10 10 9 6 7 6 5 5 5 10 4 2 
56 9 5 8 7 0 5 9 10 7 10 12 0 6 4 9 0 7 12 11 12 8 9 7 8 6 7 11 7 24 
92 10 8 11 9 1 0 0 12 8 0 16 4 8 5 0 2 0 14 14 14 12 13 9 0 7 8 14 8 39 
133 0 9 13 10 4 4 0 15 11 3 0 5 9 9 2 0 2 15 0 17 13 14 12 1 10 0 0 10 53 
164 1 12 15 13 8 5 0 0 14 5 1 8 12 12 5 2 6 16 2 19 14 18 14 0 11 0 1 11 69 
179 3 15 16 14 9 7 2 1 15 6 2 0 15 15 7 4 7 18 6 22 17 21 15 2 14 2 0 13 102 
196 4 16 19 18 12 8 5 2 17 8 0 3 17 17 10 6 8 0 9 24 20 23 18 3 16 5 1 0 131 
214 0 19 20 19 13 11 6 4 19 9 0 4 21 0 12 8 10 1 12 25 23 26 20 5 0 0 4 3 166 
229 1 22 21 21 15 12 8 0 22 13 1 0 23 2 13 11 11 2 14 27 24 0 0 8 3 3 7 5 202 
