0.5   0.5   0.5   0.5   0.0   0.0   
0.48405000314432806   0.5   0.48405000314432806   0.5   0.2717231481481482   0.2717231481481482   
0.48507061054564626   0.5056963641651103   0.48507061054564626   0.5056963641651103   0.4904003086419753   0.4904003086419753   
0.49964345936227805   0.5303312828243902   0.49964345936227805   0.5303312828243902   0.6918172839506174   0.6918172839506174   
0.5048489628880568   0.569239261639232   0.5048489628880568   0.569239261639232   0.7923870370370371   0.7923870370370371   
0.528603079935878   0.5978004214350812   0.528603079935878   0.5978004214350812   0.8257574074074073   0.8257574074074073   
0.5022951309590064   0.620146572271528   0.5022951309590064   0.620146572271528   0.8260630401234568   0.8260630401234568   
0.5183135672849387   0.6365447580882698   0.5183135672849387   0.6365447580882698   0.8260630401234568   0.8260630401234568   
0.5118159888841156   0.6343744841081266   0.5118159888841156   0.6343744841081266   0.8277435956790123   0.8277435956790123   
0.49953067821293584   0.619082834951484   0.49953067821293584   0.619082834951484   0.8277528549382716   0.8277528549382716   
