16 0 3 2 3 6 4 2 0 5 1 3 4 3 2 1 4 2 2 2 3 4 6 5 4 1 4 4 4 0 
27 3 6 9 0 9 5 6 3 8 5 9 10 5 4 4 9 4 4 0 6 6 7 9 7 6 7 7 6 4 
47 4 0 0 2 10 6 8 6 10 6 0 12 7 9 5 11 7 7 1 9 0 9 12 12 7 0 8 7 36 
67 0 3 0 4 11 9 9 9 11 8 4 14 12 11 8 13 9 9 2 10 2 11 13 14 9 4 10 0 61 
83 0 6 0 0 12 10 11 11 12 10 6 16 13 16 9 15 11 11 4 11 4 14 16 17 10 0 12 0 99 
105 0 7 1 2 13 11 14 17 13 12 8 18 18 19 11 0 0 0 5 12 5 0 17 21 14 0 14 3 128 
132 1 0 0 3 15 12 16 18 16 16 10 20 0 21 0 2 4 3 8 13 8 1 20 26 0 2 15 6 149 
151 2 3 4 6 18 14 17 22 18 18 11 23 0 24 0 5 6 6 9 0 9 3 23 27 2 5 18 0 174 
180 3 6 8 7 19 17 0 24 20 20 15 0 1 27 1 7 8 0 10 3 0 4 24 0 5 7 0 0 202 
202 6 0 10 9 22 21 3 26 22 22 16 3 4 28 2 9 9 0 12 0 1 7 25 1 11 8 1 0 229 
