0.5   0.5   0.5   0.5   0.0   0.0   
0.4951490282155841   0.5   0.4951490282155841   0.5   0.23056158957630327   0.23061146462836488   
0.49891654532452545   0.4744897983466956   0.49891654532452545   0.4744897983466956   0.4042667625917454   0.4042842527000336   
0.5112809176921975   0.4575195624265064   0.5112809176921975   0.4575195624265064   0.5545353305276712   0.5545382589949766   
0.4831264900715827   0.46565404490948686   0.4831264900715827   0.46565404490948686   0.6405560722602296   0.6405608567250359   
0.49065993304516564   0.4226332005135122   0.49065993304516564   0.4226332005135122   0.7987222714824659   0.7987248537398587   
0.4964429711970626   0.4018546865778795   0.4964429711970626   0.4018546865778795   0.892089634134693   0.8920922007735935   
0.48277667194985735   0.3936839314970937   0.48277667194985735   0.3936839314970937   0.9282142750593132   0.9282146525062103   
0.46212807832499353   0.37281222340602993   0.46212807832499353   0.37281222340602993   0.9568866564707309   0.9568881194028424   
0.44597423060887   0.4170917262153512   0.44597423060887   0.4170917262153512   0.9784176409936813   0.97841873168506   
