0.5   0.5   0.5   0.5   0.0   0.0   
0.48629250975371513   0.5   0.48629250975371513   0.5   0.23805555555555555   0.23805555555555555   
0.47124198008164325   0.4860465122769064   0.47124198008164325   0.4860465122769064   0.40944444444444444   0.40944444444444444   
0.4976311779503137   0.48081561944890205   0.4976311779503137   0.48081561944890205   0.5783333333333334   0.5783333333333334   
0.478259484122659   0.45350852231567124   0.478259484122659   0.45350852231567124   0.6633333333333333   0.6633333333333333   
0.49587137666403075   0.4280184632155387   0.49587137666403075   0.4280184632155387   0.8322222222222223   0.8322222222222223   
0.49306213784123265   0.43054130718460126   0.49306213784123265   0.43054130718460126   0.8663888888888889   0.8663888888888889   
0.49130382881453083   0.4371862923131954   0.49130382881453083   0.4371862923131954   0.9163888888888889   0.9163888888888889   
0.4863126355150519   0.4250010631345173   0.4863126355150519   0.4250010631345173   0.9666666666666667   0.9666666666666667   
0.4796909434526866   0.42804110318418365   0.4796909434526866   0.42804110318418365   1.0   1.0   
