37 5 1 2 2 1 1 4 3 1 0 7 1 0 1 4 1 4 2 2 2 5 2 0 0 2 2 1 1 6 
82 9 4 0 0 3 2 5 0 0 3 9 2 5 5 6 0 8 4 0 0 6 0 1 2 3 4 6 0 15 
94 10 6 1 2 6 3 7 2 2 6 11 4 7 8 0 2 10 6 0 4 8 4 0 4 5 7 10 1 47 
127 15 8 2 3 7 5 9 3 5 0 14 5 8 0 5 4 11 7 2 5 9 5 0 7 0 9 12 0 70 
170 17 13 3 0 9 6 0 7 6 1 16 6 12 1 0 6 0 15 0 8 13 8 1 0 2 10 14 0 76 
200 0 0 4 1 13 7 1 9 8 3 18 8 15 2 2 7 1 16 2 9 15 9 2 8 3 12 17 0 98 
235 2 2 8 6 14 9 2 0 9 5 21 9 18 3 4 8 0 17 0 10 17 10 4 9 5 13 19 2 117 
278 3 5 12 0 18 0 3 0 11 0 0 10 0 0 7 10 4 0 0 12 19 13 6 11 9 14 22 0 130 
305 6 7 0 4 20 0 6 2 12 2 2 13 1 1 0 11 9 5 2 13 22 16 11 14 0 18 26 1 140 
349 9 10 4 0 23 1 7 3 0 3 3 15 4 0 2 0 11 0 5 14 25 0 12 16 1 20 28 2 153 
