0.5   0.5   0.5   0.5   0.0   0.0   
0.47453705739453295   0.5   0.47453705739453295   0.5   0.2034222431885145   0.2034222431885145   
0.47532038752609285   0.5013888887731481   0.47532038752609285   0.5013888887731481   0.34040019216051765   0.34040019216051765   
0.4695186548277111   0.5081072095961692   0.4695186548277111   0.5081072095961692   0.5104192663439263   0.5104192663439263   
0.5215474117059812   0.5300145242948161   0.5215474117059812   0.5300145242948161   0.7287620210175183   0.7287620210175183   
0.5127236610476318   0.545986928912314   0.5127236610476318   0.545986928912314   0.7462805421109111   0.7462805421109111   
0.5049208745121739   0.5567549308333585   0.5049208745121739   0.5567549308333585   0.7629518384307902   0.7629518384307902   
0.49729161962476076   0.5571199424872472   0.49729161962476076   0.5571199424872472   0.7985351717641235   0.7985351717641235   
0.5295299840117245   0.5637960236565807   0.5295299840117245   0.5637960236565807   0.8652020700419442   0.8652020700419442   
0.5361143310197692   0.5749408119599454   0.5361143310197692   0.5749408119599454   0.8652028416475968   0.8652028416475968   
