0.5   0.5   0.5   0.5   0.0   0.0   
0.49125000085301   0.5   0.49125000085301   0.5   0.2   0.2   
0.5045900655006964   0.4928571435374149   0.5045900655006964   0.4928571435374149   0.4666666666666667   0.4666666666666667   
0.5562859562695833   0.4782051293228139   0.5562859562695833   0.4782051293228139   0.5333333333333333   0.5333333333333333   
0.5469447031747411   0.49166666694444444   0.5469447031747411   0.49166666694444444   0.6   0.6   
0.547182106361152   0.4979452055357479   0.547182106361152   0.4979452055357479   0.6   0.6   
0.5731229696499937   0.4981927711278851   0.5731229696499937   0.4981927711278851   0.6166666666666667   0.6166666666666667   
0.5667084920681282   0.50199999996   0.5667084920681282   0.50199999996   0.6166666666666667   0.6166666666666667   
0.5560473979797619   0.5077586205558859   0.5560473979797619   0.5077586205558859   0.6166666666666667   0.6166666666666667   
0.567063052105659   0.5040740740137173   0.567063052105659   0.5040740740137173   0.6166666666666667   0.6166666666666667   
