32 2 2 1 0 3 5 2 4 2 3 4 1 3 2 2 1 2 2 4 1 4 1 4 1 2 6 2 2 0 
54 5 3 6 3 5 7 4 8 3 7 6 4 8 3 3 6 4 3 5 6 5 4 9 2 5 8 4 0 8 
86 6 6 0 5 0 9 7 10 5 9 8 5 11 4 8 9 5 6 6 8 7 6 11 3 6 11 5 0 25 
126 10 7 2 0 5 10 8 12 0 12 9 6 13 5 0 11 8 7 7 12 9 7 13 6 8 0 9 0 36 
151 11 8 3 4 8 0 10 0 4 13 0 8 0 6 2 0 12 8 8 0 0 8 16 7 11 3 12 0 69 
185 12 0 0 5 12 1 13 1 5 14 2 10 0 9 0 2 15 0 9 2 1 11 17 9 12 5 13 0 96 
219 15 5 1 7 15 3 16 4 8 15 3 14 4 11 0 3 17 0 10 5 3 12 0 11 0 0 18 0 108 
259 0 6 5 0 16 4 18 7 9 17 4 16 6 14 3 5 19 3 14 8 4 14 0 13 1 1 19 0 120 
297 1 0 7 0 0 6 19 8 10 19 7 20 9 15 5 8 0 5 16 10 6 19 2 0 2 5 22 2 131 
332 0 0 11 1 0 0 22 12 14 21 9 21 11 19 10 10 1 6 0 13 7 21 4 2 4 8 24 4 141 
