0.5   0.5   0.5   0.5   0.0   0.0   
0.5045577960668086   0.5   0.5045577960668086   0.5   0.2588779161622983   0.25892491480881696   
0.5151885708072609   0.45650510820654067   0.5151885708072609   0.45650510820654067   0.4252365094232566   0.4252539240421986   
0.492908864118379   0.4843194257159918   0.492908864118379   0.4843194257159918   0.5263687569824859   0.5263779016097386   
0.48510778558110285   0.4519483040499903   0.48510778558110285   0.4519483040499903   0.6696366167685404   0.6696428459438934   
0.520898717618258   0.4506680077438074   0.520898717618258   0.4506680077438074   0.8131602893645722   0.8131632568781121   
0.5360968932430701   0.4397031555550206   0.5360968932430701   0.4397031555550206   0.8493873200846591   0.84938811662777   
0.5151081772202479   0.4545156003888034   0.5151081772202479   0.4545156003888034   0.8496413887766752   0.8496432187433604   
0.5276097998828758   0.4439097756169371   0.5276097998828758   0.4439097756169371   0.8499493361173887   0.8499493413235566   
0.5155577388365563   0.4482662978145241   0.5155577388365563   0.4482662978145241   0.850051366559903   0.8500513847814801   
