0.5   0.5   0.5   0.5   0.0   0.0   
0.5080952667470896   0.5   0.5080952667470896   0.5   0.22063520102890363   0.22063520102890363   
0.5707502330907582   0.5   0.5707502330907582   0.5   0.4081821314823711   0.4081821314823711   
0.5025292430044456   0.5   0.5025292430044456   0.5   0.4434792149040109   0.4434792149040109   
0.5236663573303916   0.49482758638525565   0.5236663573303916   0.49482758638525565   0.5607117072315788   0.5607117072315788   
0.5091127909065369   0.49444444458689446   0.5091127909065369   0.49444444458689446   0.5610034550025098   0.5610034550025098   
0.5064254206027807   0.4948453609310235   0.5064254206027807   0.4948453609310235   0.561332235888141   0.561332235888141   
0.4948362902294726   0.4976504683951784   0.4948362902294726   0.4976504683951784   0.5624435117369063   0.5624435117369063   
0.4626045446301914   0.4938199802455347   0.4626045446301914   0.4938199802455347   0.6319067833429168   0.6319067833429168   
0.48381855331004553   0.5002137275712033   0.48381855331004553   0.5002137275712033   0.7652401166798224   0.7652401166798224   
