0.5   0.5   0.5   0.5   0.0   0.0   
0.47478251161901996   0.5   0.47478251161901996   0.5   0.23765342627394398   0.2377009741707794   
0.4960439576060354   0.46568847292063154   0.4960439576060354   0.46568847292063154   0.41044241081597377   0.4104591252058432   
0.48200416189125367   0.4456721745500828   0.48200416189125367   0.4456721745500828   0.5898924735342171   0.5898957508145207   
0.5113886607367917   0.39922351515287124   0.5113886607367917   0.39922351515287124   0.7688742469235734   0.7688753610426933   
0.49276742537004825   0.4113595692070357   0.49276742537004825   0.4113595692070357   0.7767820592383088   0.7767849851025338   
0.4760654599687041   0.4235978622916846   0.4760654599687041   0.4235978622916846   0.8410695983963657   0.8410710639315631   
0.4819237178017199   0.3991518910923344   0.4819237178017199   0.3991518910923344   0.9056632678705556   0.9056632678705566   
0.4804062305900263   0.3962915786967848   0.4804062305900263   0.3962915786967848   0.9347955565381414   0.9347959209696329   
0.4758831985166514   0.4193892164410148   0.4758831985166514   0.4193892164410148   0.9496938749479383   0.9496927868596428   
