0.5   0.5   0.5   0.5   0.0   0.0   
0.48021285017422216   0.5   0.48021285017422216   0.5   0.20719323529643816   0.2137191099493346   
0.499592899402102   0.47704976955162376   0.499592899402102   0.47704976955162376   0.405356928003794   0.4071419134326258   
0.495519556714133   0.455654404747329   0.495519556714133   0.455654404747329   0.5348464248879277   0.5356099088541366   
0.5243282007314652   0.4036443188016894   0.5243282007314652   0.4036443188016894   0.6923439390941133   0.6928559653335864   
0.5292700672561471   0.4224137957788346   0.5292700672561471   0.4224137957788346   0.7211715658826746   0.7213767408108546   
0.5011299213562944   0.4150562844138807   0.5011299213562944   0.4150562844138807   0.7211723181740519   0.7213774931016997   
0.4915878561646698   0.42676030080257493   0.4915878561646698   0.42676030080257493   0.7426526624137273   0.7429077644545437   
0.4781276970753436   0.4286085988889793   0.4781276970753436   0.4286085988889793   0.7998469150129579   0.8000513610772307   
0.4701517483253597   0.43556292127848434   0.4701517483253597   0.43556292127848434   0.8713268767105958   0.871479937934689   
