0.5   0.5   0.5   0.5   0.0   0.0   
0.48065751016190483   0.5   0.48065751016190483   0.5   0.27862254068245373   0.2856050479710835   
0.507974833828524   0.392406968868065   0.507974833828524   0.392406968868065   0.5973467628443505   0.5997953780047004   
0.5025532188976531   0.40066711995923865   0.5025532188976531   0.40066711995923865   0.6349462738739811   0.6353562592967216   
0.4839255083330718   0.3809100328472584   0.4839255083330718   0.3809100328472584   0.6778501164321414   0.6785199415050277   
0.4803514935809337   0.34665652792118046   0.4803514935809337   0.34665652792118046   0.8211180075452192   0.8214795235802047   
0.4517620004522341   0.3231045927955446   0.4517620004522341   0.3231045927955446   0.8925487788570239   0.892908108303088   
0.4435959516440956   0.3091844712383673   0.4435959516440956   0.3091844712383673   0.9499985083038317   0.9500513508694293   
0.42931808218833856   0.31308076785647765   0.42931808218833856   0.31308076785647765   0.9641319059023027   0.9643367163979294   
0.41340667185503066   0.3160708301403338   0.41340667185503066   0.3160708301403338   0.9784697391153984   0.9786224359084013   
