0.5   0.5   0.5   0.5   0.0   0.0   
0.4523637574386321   0.5   0.4523637574386321   0.5   0.2833333333333333   0.2833333333333333   
0.3826225880671089   0.4626680689541481   0.3826225880671089   0.4626680689541481   0.5666666666666667   0.5666666666666667   
0.39156825075456186   0.45624726034501556   0.39156825075456186   0.45624726034501556   0.7   0.7   
0.4158482994186603   0.4581009907575114   0.4158482994186603   0.4581009907575114   0.8   0.8   
0.41188118985403205   0.48574853173593563   0.41188118985403205   0.48574853173593563   0.9333333333333333   0.9333333333333333   
0.40841970274570816   0.5122632840324497   0.40841970274570816   0.5122632840324497   0.9833333333333333   0.9833333333333333   
0.4015135265604128   0.5336175070244005   0.4015135265604128   0.5336175070244005   0.9833333333333333   0.9833333333333333   
0.40946853015035795   0.5354239932945825   0.40946853015035795   0.5354239932945825   1.0   1.0   
0.41219389118784516   0.5327673341292108   0.41219389118784516   0.5327673341292108   1.0   1.0   
