12 6 2 3 3 3 3 3 5 6 4 1 2 3 5 3 2 2 3 2 4 3 5 3 1 5 3 3 0 0 
26 9 5 5 0 6 8 7 11 9 10 4 7 5 6 7 3 5 6 5 8 8 6 4 2 9 5 6 2 3 
50 11 8 6 2 11 10 9 18 13 11 7 0 8 7 0 4 6 9 0 0 10 7 8 3 0 6 9 0 26 
76 12 9 8 3 12 13 12 19 14 12 0 4 0 9 1 8 8 10 3 0 14 9 10 5 0 7 14 2 50 
108 13 0 10 7 15 0 13 21 17 13 3 6 0 11 2 0 12 16 4 2 16 11 11 7 1 0 16 4 68 
135 14 2 13 8 17 0 15 24 20 15 6 7 4 13 3 3 14 19 6 0 0 14 14 0 3 0 19 6 88 
151 16 3 14 11 18 1 16 26 22 17 8 9 6 15 5 4 0 22 0 1 0 15 15 1 0 2 21 10 130 
171 17 5 16 13 23 2 17 0 24 20 9 11 7 16 6 5 2 24 2 2 2 16 16 0 0 4 22 11 169 
191 0 6 17 15 25 3 20 2 0 21 11 16 9 0 9 8 0 26 4 3 0 18 18 1 3 6 0 12 205 
213 2 7 21 16 27 0 23 3 0 22 12 18 12 1 0 9 2 28 9 6 3 19 20 2 0 8 0 0 239 
