48 0 2 0 2 4 0 1 2 0 2 0 0 2 0 3 0 2 1 2 3 5 1 4 3 1 3 2 0 7 
68 3 6 2 0 0 4 3 5 4 0 1 1 4 2 4 0 3 3 3 5 9 6 6 4 3 0 7 0 33 
104 7 0 0 1 0 0 4 0 5 3 3 2 5 3 6 1 9 5 0 6 10 8 8 5 5 2 11 0 56 
140 0 0 0 5 2 3 6 1 9 6 5 3 6 6 7 3 11 6 4 0 12 9 9 8 0 0 12 0 76 
182 0 1 2 7 5 7 7 4 12 0 7 5 7 8 8 6 13 7 0 1 13 12 11 13 1 2 13 1 84 
212 1 4 4 0 9 9 9 7 13 3 8 9 8 11 10 7 15 9 3 4 0 14 14 15 0 5 14 3 98 
244 5 6 6 4 12 11 10 0 14 4 12 11 10 12 11 9 17 11 0 0 2 16 17 18 0 8 15 0 116 
278 9 7 9 6 15 12 12 1 18 6 17 12 12 0 13 0 19 12 2 3 5 0 19 20 3 9 16 0 129 
317 10 8 0 7 19 16 0 3 20 9 21 14 15 1 15 1 20 13 4 0 0 2 22 22 0 11 17 0 145 
349 15 0 1 10 20 18 2 6 21 0 0 15 17 3 17 3 23 15 0 5 0 5 25 24 0 15 19 0 162 
