42 3 0 4 2 2 0 4 3 3 1 0 0 1 1 5 2 1 3 0 1 4 3 2 1 0 1 2 0 9 
71 5 2 8 4 4 1 6 4 7 3 0 1 3 0 7 0 2 8 1 2 5 6 6 3 1 0 3 2 31 
99 6 5 10 6 6 4 7 6 8 7 3 2 4 3 10 3 4 11 0 4 0 0 11 4 4 0 4 0 51 
141 7 6 11 11 8 6 9 7 10 10 4 0 10 4 12 8 6 13 1 5 2 1 13 5 6 5 5 0 54 
195 9 8 14 12 0 0 10 8 0 14 6 0 11 0 14 9 8 15 3 8 0 2 14 0 9 7 6 0 63 
218 11 11 16 13 1 4 12 10 2 0 7 1 13 3 0 10 13 18 6 13 0 4 15 3 11 12 9 0 81 
243 17 13 17 14 0 6 13 12 9 1 10 5 15 5 2 11 15 20 7 14 3 7 16 4 0 15 10 2 99 
279 18 14 24 15 0 0 14 14 12 3 13 0 16 8 3 13 17 0 0 18 4 9 17 7 3 18 12 3 113 
316 21 15 26 16 3 1 17 17 14 6 15 2 19 9 4 15 19 1 1 0 6 10 18 11 0 22 15 0 124 
352 24 16 28 17 4 3 18 18 17 0 16 5 20 13 8 16 21 3 0 1 0 11 22 14 2 23 17 2 139 
