18 4 5 2 1 3 4 1 6 4 2 1 4 5 3 1 7 4 3 1 4 1 5 3 0 1 2 3 2 0 
26 5 6 6 4 6 7 6 12 8 5 4 0 9 7 4 0 6 5 3 9 3 11 7 2 7 7 5 6 3 
63 6 8 8 0 10 10 7 13 10 6 5 3 11 8 6 2 8 6 4 12 5 12 11 0 9 0 8 8 17 
97 8 11 9 1 12 11 8 14 12 7 7 4 0 0 8 6 10 9 6 13 10 14 13 0 12 3 9 0 35 
117 10 12 11 0 16 15 10 0 14 9 9 6 1 2 11 9 0 13 7 17 11 16 14 1 15 4 10 1 63 
147 14 14 13 1 18 16 11 1 18 10 0 10 6 3 12 11 2 14 8 0 14 19 16 0 16 0 11 3 85 
183 16 15 14 3 19 0 12 3 20 12 3 11 7 0 15 14 4 15 10 0 19 22 19 2 17 2 12 0 102 
203 17 16 0 8 0 0 14 6 21 0 5 16 9 2 20 17 8 0 11 4 22 0 21 3 20 4 13 2 127 
235 19 19 2 0 5 3 16 0 24 3 7 17 10 0 22 0 9 3 12 5 24 1 25 6 21 0 16 0 146 
270 0 0 6 2 6 5 17 3 27 5 12 19 13 1 24 0 10 4 13 9 25 3 27 7 24 1 17 2 160 
