0.5   0.5   0.5   0.5   0.0   0.0   
0.4912655064378072   0.5   0.4912655064378072   0.5   0.1571928811470817   0.1640744409291415   
0.5090714777239547   0.4587638561312145   0.5090714777239547   0.4587638561312145   0.3896929597526304   0.3927027994091511   
0.4962437440097861   0.4445363917583273   0.4962437440097861   0.4445363917583273   0.5417330919575899   0.5427527712597398   
0.49956501550271043   0.4347957942500495   0.49956501550271043   0.4347957942500495   0.6137731953007385   0.6142841282462773   
0.4885702887096196   0.436905282758351   0.4885702887096196   0.436905282758351   0.6854572361575759   0.6857130670624305   
0.4645150370530141   0.4193246595165266   0.4645150370530141   0.4193246595165266   0.7500502106443201   0.7500509395078261   
0.46760930648673676   0.3728094549090216   0.46760930648673676   0.3728094549090216   0.9142834911597474   0.9143366981577606   
0.4469414293714791   0.3881070730196453   0.4469414293714791   0.3881070730196453   0.9498957413381077   0.949999604312935   
0.4211181464273691   0.4175750452490866   0.4211181464273691   0.4175750452490866   0.9856625104117951   0.9857146241150849   
