0.5   0.5   0.5   0.5   0.0   0.0   
0.4375392302224876   0.5   0.4375392302224876   0.5   0.23739832402820135   0.2374466059941689   
0.4967024994947856   0.44046364143227446   0.4967024994947856   0.44046364143227446   0.5390644818831712   0.5390767371934999   
0.5125578130065211   0.42786793123041855   0.5125578130065211   0.42786793123041855   0.6329048534003829   0.6329062824924413   
0.483666621218501   0.43745991324280836   0.483666621218501   0.43745991324280836   0.6981599690727186   0.6981610493517785   
0.48536550729641925   0.4068708269825087   0.48536550729641925   0.4068708269825087   0.8769886967255324   0.8769894099700158   
0.4626754993640702   0.40512843223007683   0.4626754993640702   0.40512843223007683   0.9199478492758365   0.9199492341154878   
0.4532363511526469   0.3877869472110925   0.4532363511526469   0.3877869472110925   0.9851526780870703   0.9851530503278033   
0.44713624472516805   0.4056329864357008   0.44713624472516805   0.4056329864357008   0.9996923986096894   0.9996942389886982   
0.4329879080649362   0.3977678587402347   0.4329879080649362   0.3977678587402347   0.9999999866496422   1.000000358890376   
