0.5   0.5   0.5   0.5   0.0   0.0   
0.49131357736723646   0.5   0.49131357736723646   0.5   0.22857142857142856   0.22857142857142856   
0.4991893886516414   0.47709043110074156   0.4991893886516414   0.47709043110074156   0.4142857142857143   0.4142857142857143   
0.4794740102220139   0.4289436486361175   0.4794740102220139   0.4289436486361175   0.5714285714285714   0.5714285714285714   
0.4983013943575572   0.39383061295929683   0.4983013943575572   0.39383061295929683   0.7285714285714285   0.7285714285714285   
0.4905932099257164   0.3763862081288762   0.4905932099257164   0.3763862081288762   0.7785714285714286   0.7785714285714286   
0.48188814545312897   0.3384397658571718   0.48188814545312897   0.3384397658571718   0.8857142857142857   0.8857142857142857   
0.46428468308358334   0.3158171319065085   0.46428468308358334   0.3158171319065085   0.95   0.95   
0.4391868946501048   0.33368870184259936   0.4391868946501048   0.33368870184259936   0.9714285714285714   0.9714285714285714   
0.4090226261655107   0.3477339234098074   0.4090226261655107   0.3477339234098074   0.9785714285714285   0.9785714285714285   
