32 0 5 2 2 3 4 1 2 2 8 2 3 1 0 1 3 1 1 7 1 2 2 1 4 5 2 3 0 0 
48 6 8 0 3 4 8 4 5 5 9 6 7 0 3 3 7 4 3 8 3 3 8 4 6 12 6 7 1 6 
87 8 9 2 6 7 10 5 9 7 10 7 0 4 6 4 0 7 7 10 4 5 10 7 8 13 8 12 0 10 
112 9 10 0 9 9 11 9 0 0 13 9 2 6 0 0 6 0 10 11 0 7 0 8 11 19 12 13 0 37 
136 11 11 4 12 12 13 10 2 2 15 11 6 7 2 0 9 2 0 14 0 9 2 11 15 22 0 15 1 57 
185 15 14 0 14 18 14 11 3 3 18 0 0 10 0 1 10 4 3 15 2 10 6 0 0 0 2 0 0 66 
213 19 18 0 15 22 16 12 5 6 19 2 0 0 1 0 13 5 4 17 4 14 8 0 0 0 5 3 1 91 
245 21 20 2 0 25 18 16 9 0 21 4 5 2 2 0 16 0 6 20 6 15 0 1 1 1 6 0 0 113 
288 22 24 4 1 28 21 17 11 0 23 0 6 4 6 0 17 1 9 23 7 0 3 3 3 2 7 3 1 122 
321 23 0 7 3 29 22 18 15 1 25 5 9 5 9 2 18 0 0 25 9 2 5 7 4 5 9 8 0 135 
