37 2 2 3 2 4 2 3 3 3 3 3 2 2 0 1 3 3 1 2 1 2 1 5 4 1 1 0 4 0 
54 4 3 5 6 7 0 5 6 7 4 6 0 0 4 4 4 5 5 3 6 4 6 7 7 3 4 2 5 18 
91 5 5 6 8 10 2 6 7 9 5 7 2 2 0 7 6 7 8 5 7 6 9 9 9 5 5 5 6 31 
133 6 8 7 9 12 3 9 9 11 7 0 4 4 1 9 8 8 9 9 10 7 12 11 10 0 8 7 0 41 
164 8 11 10 0 13 7 0 10 12 8 5 5 0 3 0 11 10 13 0 0 8 13 15 12 0 0 9 1 66 
191 13 12 13 3 16 10 2 12 0 10 8 0 0 4 2 13 0 16 0 1 11 14 19 13 1 1 11 2 89 
234 0 0 16 6 17 0 7 14 1 13 10 1 3 0 4 15 2 18 1 4 12 17 20 16 2 3 12 3 97 
279 4 2 19 9 19 1 9 17 0 15 12 3 4 1 5 16 5 20 0 5 15 18 0 17 4 6 0 4 105 
320 0 5 21 0 20 3 10 18 1 0 0 5 7 0 6 20 8 21 2 6 16 19 2 0 6 10 2 6 122 
364 1 6 24 1 21 4 12 20 4 0 3 0 9 1 7 23 10 24 3 8 18 21 4 2 0 14 5 7 129 
