46 1 2 1 5 0 3 0 3 1 4 3 1 3 1 0 1 3 0 5 2 0 1 1 1 0 2 2 0 8 
84 2 3 3 0 1 4 0 0 0 0 6 0 6 2 0 5 5 1 6 0 1 0 5 4 0 7 3 0 35 
122 0 5 6 1 3 0 2 2 3 3 7 2 9 3 2 8 9 3 10 1 0 1 8 5 3 8 5 0 45 
156 3 0 7 0 7 2 0 4 4 7 8 0 13 4 5 10 11 5 12 4 1 4 9 6 6 11 6 4 57 
186 6 3 9 3 9 0 0 0 6 11 9 1 16 5 7 12 0 8 13 6 4 0 0 8 7 15 9 6 77 
208 8 4 10 7 0 1 2 1 8 13 11 4 20 7 8 15 2 12 14 10 6 3 2 11 8 19 0 8 96 
245 11 9 11 8 0 0 0 2 0 14 12 0 21 9 10 18 0 15 15 15 9 0 4 13 12 21 1 0 115 
280 13 10 14 15 1 2 1 6 2 16 13 3 23 10 14 0 1 18 19 0 11 1 0 15 16 0 3 0 125 
320 16 14 16 18 4 4 2 0 6 17 15 0 0 12 15 0 4 20 22 1 14 2 1 0 19 0 7 0 136 
361 18 17 20 20 6 5 5 3 0 21 16 4 1 16 16 1 5 22 0 3 16 5 2 1 21 0 9 0 143 
